strain	Amikacin	Cefepime	Cefoxitin	Ceftazidime-avibactam	Ceftazidime	Ceftriaxone	Colistin	Ertapenem	Imipenem	Levofloxacin	Meropenem	Piperacillin-tazobactam	Trimethoprim-sulfamethoxazole
573_13243	8		16		16	8			1	4	1	16	0.5
573_13245	8		16		16	32			1	4	1	16	0.5
573_13346	8	16	16		16	32			8	1	8	64	0.5
573_13358	8	16	16		16	32			8	1	8	64	0.5
573_13419		16	16		16	32			8	4	8	64	
573_13484	8	16	4		16	32			1	1	1	8	0.5
573_13647	8		8		16	32			1	4	1	4	
573_13649	8	16	8		16	32			1	4	1	4	
573_14059	8	16	8		16	32			1	1	1	4	0.5
573_14170	8		4		16	32			1	1	1	64	0.5
573_14328	8	1	16		1				1	1	1	16	
573_14387	8	1	16		1				1	1	1	16	0.5
573_14410	8		4		16	32			1	1	1	4	
573_24334	1	32	8		32	32		8	4	0.125	4	128	
573_24337	4	32			128	32		2		8	0.5	128	4
573_24441	1	32			128	32		8	4	8	8	128	8
573_29959	4			16			1		1		2		4
573_13605	8	1			16	4			1	4	1		0.5
573_13608	8	1	4		16				1	1	1	4	0.5
573_13133	8		4		16	32			1		1	4	
573_13146	8	1	4		16	32			1	1	1	4	
573_13344	8	16	8		16	32			1		1	64	0.5
573_13408	8	1			1				1	1	1		0.5
573_13464	8		8		16	16			1	4	1		
573_13556	8	16	4			32			1	1	1	64	
573_13591	8	16	16		16	32				1		64	
573_13614	8	1	4		2	32			1	1	1	64	0.5
573_13618	8		4		16	32			1	1	1	4	
573_13924	8	16			4	32			1	1	1	4	
573_14237	8	16	4		16	32			1	1	1		
573_14338	8	1	8		16	32			1		1	8	
573_17927	4	32	16		128	32		4	4	0.125	4	128	0.5
573_24244	2		64		64	16		4		8	4	128	16
573_24249	2		64		64	64		4		1	4	128	
573_24250	2	1	64		1	1				1	0.25	16	
573_24305	2		64		64	32						128	16
573_24306	2		64		64	16						128	16
573_24308	2		64		64	32				8		128	16
573_24342			4		32	32		4	4	1	4	128	0.25
573_24384	1	0.5	8		1	1		0.125	0.5	0.125	0.125	4	0.5
573_5698	8		64		64			8				128	
573_5709	2		4		1						0.25	4	
573_5716	2		4		64						0.25	128	
573_5802	2		4		64						0.25	8	
573_5811	8		64		64			8				128	
573_5823	2		4		64						0.25	128	
573_5824	4	1	64		64			8				128	
573_12771	4	32	32		16	64		8	8	0.25			8
573_12777	64	32	32		128	64		16	16	8			0.5
573_12778		32	32		256	64		16	16	8			8
573_12779	64	32	16		128	32		8	0.5	8	8	128	8
573_12780		32	16		128	32		8	16	8	8	128	0.5
573_12781		32	16		128	32		8	4	8	8	128	8
573_12783	64	32	16		128	32		8	8	8	8	128	4
573_12858	4	16	4		16	32			0.25	1	0.125	64	
573_12859	4	0.5	4		16	32			0.25	1	0.125	4	0.5
573_12860		16			16	32			0.25	4	0.125	64	
573_12861	4	0.5	4		0.5	0.5			0.5	1	0.125	2	0.5
573_12862		1	4		16	8			0.25	4	0.125	8	
573_12863	4	0.5	4		0.5	0.5			0.25	1	0.125	4	0.5
573_12864	4		16		16	32			8	4	8	64	0.5
573_12867	4	16	16		16	32			8	4	8	64	0.5
573_12868	4	0.5	4		0.5	0.5			0.25	1	0.125	4	0.5
573_12869	4	16	4		16	32			0.25	1	0.125	64	
573_12870	4	16			16	32			0.25	4			
573_12871	4	0.5	4		0.5	0.5			0.5	1	0.125	4	0.5
573_12872	4	0.5	4		0.5	0.5			0.25	1	0.125	4	0.5
573_12873	4	0.5	4		0.5	0.5			0.25	1	0.125	4	0.5
573_12874	4		16		16	16			0.25	4	0.125	16	0.5
573_12875	4	0.5	4		0.5	0.5			0.25	1	0.125	4	0.5
573_12876	4	16	8		16	32			0.5	4	0.125	64	
573_12877	4				16	32			0.25	4			
573_12878	4	16	16		16	32			0.25	4	0.064	64	
573_12879	4	1	4		16	32			0.25	4	0.125	8	
573_12880	4		16		16	32			8	4	8	64	
573_12881	4	0.5	4		0.5	0.5			0.5	1	0.125	4	0.5
573_12883	4	0.5	4		0.5	0.5			0.25	1	0.125	8	0.5
573_12884	4	16	16		16	32			0.25	4	0.125	64	
573_12885	4	0.5	4		0.5	0.5			0.5	1	0.125	4	0.5
573_12887		16			16	32			0.25	4	0.125	64	
573_12888					16	32			0.25	4	0.125	64	
573_12889	4	0.5	4		0.5	0.5			0.25	1	0.125	4	0.5
573_12890	4	0.5	4		0.5	0.5			0.25	1	0.125	4	0.5
573_12891	4	16	16		16	32			0.25	4	0.125	64	
573_12892	4	16	4			32			0.25	1	0.125	8	
573_12893	4	16	8		16	32			0.25	4	0.125	64	
573_12894	4	16	4		16	32			0.25	4	0.125	64	0.5
573_12895	4	0.5	4		16				0.5	1	0.125	4	0.5
573_12896	4	1	16		16	4			0.25	4	0.125	16	0.5
573_12897	4	16	8		16	32			0.25	4	0.125	64	
573_12898	4		4		16	32			0.25	4	0.125	64	
573_12899	4	16	4		16	32			0.5	1	0.125	16	
573_12900	4	0.5	4		0.5	0.5			0.25	1	0.125	4	0.5
573_12901	4	0.5	4		0.5	0.5			0.25	1	0.125	4	0.5
573_12902	4	0.5	8		0.5	0.5			0.25	1	0.125	4	0.5
573_12903	4	0.5	4		0.5	0.5			0.25	1	0.125	4	
573_12905	4	16	16		16	32			8	4	8	64	
573_12907	4	0.5	4		0.5	0.5			0.5	1	0.125	4	0.5
573_12908	4	0.5	8		0.5	0.5			0.5	1	0.125	8	0.5
573_12909	4	16	16		16	32			0.25	4	0.125	64	
573_12910	4	1			16	0.5			0.25	1	0.125	64	
573_12911	4	0.5	4		16				0.5	1	0.125	2	0.5
573_12912	4	0.5	4		0.5	0.5			0.25	1	0.125	4	0.5
573_12913	4	16	16		16	32			8	4	8	64	
573_12914	4	16	4		16	32			0.5	1	0.125		
573_12915	4	16			1	32			0.25	1	0.125		
573_12916	4	0.5	8		16				0.25		0.125	16	
573_12917	4	0.5	4		0.5	0.5			0.5	1	0.125	4	0.5
573_12918	4	16	8		16	32			0.5	4	0.125	16	
573_12919	4	16	16		16	32			0.5	4	1	64	
573_12920		16			16	32			0.25	4	0.125	64	
573_12923	4	0.5	4		0.5	0.5			0.5	1	0.125	4	0.5
573_12924	4	16	16		16	32			1	1	0.032	64	0.5
573_12926	4	0.5	4		0.5	0.5			0.5	1	0.125	4	0.5
573_12927	4	0.5	4		0.5	0.5			0.25	1	0.125	4	0.5
573_12930		0.5	8		0.5	0.5			0.25	4	0.125	8	
573_12931	4	1	8		16	8			0.25	4	0.125	8	0.5
573_12932	4		8		16	32			0.25	4	0.125	64	
573_12933	4	0.5	16		0.5	0.5			0.25	1	0.125	4	0.5
573_12935	4	0.5	4		0.5	0.5			0.25	1	0.125	4	0.5
573_12936		16	16		16	32			8	4	8	64	
573_12937	4	1	4		4	0.5			0.25	1	0.125	64	0.5
573_12938	4	16	4		16	32			0.25	1	0.125		
573_12940	4	0.5	8		0.5	0.5			0.25	1	0.125	8	0.5
573_12942	4	0.5			16	4			0.25		0.125	8	0.5
573_12944	4	16	4		16	32			0.25	1	0.125		
573_12945	4	1	16		16	4			0.25	4	0.125	16	0.5
573_12947	4	16	4		16	32			0.25	4	0.125	64	
573_12948		16	16			32			8	4	8	64	
573_12949	4	16	4		16	32			0.25	1	0.125	16	
573_12950	4	0.5	4		0.5	0.5			0.5	1	0.125	4	0.5
573_12952	8	16	4		16	32			0.25	1	0.125	64	
573_12953	4	16	8		16	32			0.5	4	0.125		
573_12954	4	16	16		16	32			0.25	1	0.125	64	
573_12955	4	0.5			0.5	0.5			0.5	1	0.125	4	0.5
573_12956	4	16			16	32			0.25	4	0.125	16	
573_12957	4	16	8		16	32			0.5	4	0.125	16	
573_12958	4		8		16	32			0.25	4	0.125	64	
573_12959	32		16		16	16				1	4	2	0.5
573_12960	4	0.5	4		0.5	0.5			0.5	1	0.125	2	0.5
573_12961	4	0.5	4		0.5	0.5			0.25	1	0.125	4	
573_12962	4	0.5	16		0.5	0.5			0.25	1	0.125	4	0.5
573_12963	4	0.5	4		16	0.5			0.25	1	0.032	4	0.5
573_12964	4		16		16	4			0.25	4	0.125	16	0.5
573_12965	4	0.5			0.5	0.5			0.25	1	0.125	4	0.5
573_12966	4	16	16		16	32			8	4	8	64	
573_12967	4	0.5	4		0.5	0.5			0.5	1	0.125	4	0.5
573_12968	4	0.5	16		1	0.5			0.25	1	0.125	16	0.5
573_12969	4	16	4		16	32			0.25		0.125		
573_12970	4				16	32			0.25	4	0.125		0.5
573_12971	4	16	4		16	32			0.25	1	0.125		
573_12972	4	16	4		16	32			0.5	1	0.125	16	
573_12973	4	16	4		16	32			0.25	4	0.125	4	
573_12974	4	16	4		16	32			0.5	1	0.125	16	
573_12975	4	16	8		16	32				4	0.125	8	
573_12976	4	16	8		16	32			0.25	4	0.125	64	
573_12977	4	16	16		16	32			0.25	4	0.125		
573_12978	4	0.5			0.5	0.5			0.25	4	0.125	8	
573_12979	4		4		16	32			0.25	1	0.125	8	
573_12980	4	0.5	8		0.5	0.5			0.25	1	0.125	8	0.5
573_12981	8	16	16		16	32			0.25	4		64	
573_12982	4	16	4		16	32			0.5	4	0.125	8	
573_12984	4	0.5	16		0.5	0.5			0.25	1	0.125	16	
573_12985	4	0.5	4		0.5	0.5			0.25	1	0.125	4	0.5
573_12986	4	0.5	4		0.5	0.5			0.5	1	0.125	4	0.5
573_12987	8	16	8		16	32			0.25	1	0.125	64	
573_12988	4		4		16	32			0.5	1	0.125	8	
573_12989	4	0.5	4		0.5	0.5			0.25	1	0.125	8	0.5
573_12990		16	8		16	32			0.25	4	0.125	64	
573_12992	4	16	4		16	32			0.25	1	0.125		
573_12993	4	0.5	4		0.5	0.5			1	1	0.125	2	0.5
573_12994	4	16	4		16	32			0.25	4	0.125		
573_12996	4	0.5	4		0.5	0.5			0.25	1	0.125		0.5
573_12997	4	0.5	4		0.5	0.5			0.5	1	0.125	8	0.5
573_12998	4	0.5	4		0.5	0.5			0.25	1	0.125	4	0.5
573_12999	4	16	4		16	32			0.25	1	0.125	16	
573_13000	4	0.5	4		0.5	0.5			0.5	1	0.125	4	
573_13001	4	16	4		16	32			0.25	1	0.125		
573_13003	4	0.5	4		0.5	0.5			0.25	1		4	0.5
573_13005	4	0.5	4		0.5	0.5			0.25	1	0.125	4	
573_13006	4	0.5	4		0.5	0.5			0.5	1	0.125	4	
573_13007	4	16	16		16	32			8	4	8	64	
573_13008	4	16	16		16	32			0.25	4	0.125		
573_13009	4	0.5	16		0.5	0.5			0.25	1	0.125	16	0.5
573_13010	4	16	16		16	32			8	4	8	64	
573_13011		16	16		16	32			8	4	8	64	0.5
573_13012	4	0.5	4		16				0.5	1	0.125	4	0.5
573_13013	4	0.5	4		0.5	0.5			0.25	1	0.125	4	0.5
573_13014	4		16		16	32			0.5	4	0.125	16	0.5
573_13016	4	16			16	32			0.25	4	0.125	16	
573_13017	4	16	4		16	32			0.25	1	0.125	8	
573_13018	4	16	4			32			0.5	4	0.125	8	0.5
573_13019	4	16	16		16	32			8		8	64	0.5
573_13021	4	1	4		16	32			0.25	1	0.125	4	0.5
573_13022	4	0.5	4		0.5	0.5				1	0.125	2	0.5
573_13023		16	8		16	32			0.25	4	0.125	64	
573_13024	4	16	16		16	32			8	4	8	64	0.5
573_13025	4		4		16	32				1	0.25		
573_13026	4	0.5	4		0.5	0.5				1	0.125	4	0.5
573_13027	4	0.5	4		0.5	0.5			0.25	1	0.125	2	0.5
573_13028	4	16	4		16	32			0.25	4	0.125	64	0.5
573_13029	4	0.5	4		0.5	0.5			0.25	1	0.125	2	
573_13031	8	16	4		16	32			1	1	1		
573_13032	8		4		16	32			1	1	1		
573_13033	8	1	16		16	32			1	4	1	16	
573_13034	32		16		16	32			8	4	8	64	
573_13035	8		16		16	32			1	4	1	64	
573_13036		16	4		16	32			1	1	1	64	
573_13037	32	16	16		16	32			8	4	8	64	
573_13038	8	16	4		16	32			1	1	1	8	
573_13039	32	16	16		16	32			8	4	8	64	
573_13040			8		16	32			1	4	1		
573_13041	32				16				1	4	1	64	
573_13042		16	16		16	32			8	4	8	64	
573_13043	8		16		16	32			1	1	1	64	
573_13044	32	16			16					4		64	
573_13045		1	4		16				1	4	1	64	
573_13046	8	16	8			32			8	1	1	64	0.5
573_13047	8	16	4		16	32			1	1	1	16	
573_13048	8	1	16		16	32			8	4	8	64	
573_13049	8		16		16	32			8	4	8	64	
573_13050	8	16	4			32			1	1	1	4	0.5
573_13051	32				16	32			1	4	1	8	
573_13052		16	16		16	32			8	4	8	64	
573_13053		16	16		16	32			8	4	8	64	
573_13054	8	16	16		16	32			1	4	1	64	
573_13055	8	16	16		16	32			1	4	1	64	
573_13056	8		16		2	32			1	4	1		0.5
573_13057	8	1	4						1	1	1	64	0.5
573_13058	8	1	8		16	4			1	1	1	8	0.5
573_13059	8	1	8		16	32			1	4	1	64	
573_13060	8	16	4		16	32			1		1	4	
573_13061	8	16	16		16	32			1	4	1		
573_13062	8	1	16		16	32			8	4	8	64	
573_13063	8	16	16		16	32			8	4	8	64	
573_13064	8	16	16		16	32			1	4	1		
573_13065		16	16		16	32			8	4	8	64	
573_13066			8		16	16			1	4	1	8	
573_13067		16	16		16	32			8	4	8	64	
573_13068	32	16	16		16	32			8	4	8	64	
573_13069	32	16			16	32			1	4	1	64	
573_13070					16	16			1	4	1	8	0.5
573_13071			8		16	32			1	4	1	16	
573_13072	8	16	4		16	32			1	4	1	64	
573_13073	8	16	16		16	32			8	4	8	64	
573_13074	8	16	4		16	32			1	1	1	16	
573_13075	8		16		16	32			8	4	8	64	
573_13076		1	8		16	32			1	4	1	64	
573_13077	8	1	4		16	32			1	4	1	8	
573_13079		16	16		16	32			8	4	4	64	
573_13080		16	4		16	32			1	1	1	64	
573_13081	8	16	4		16	32			1	1	1	4	
573_13082	8	1	16		16	32			1	4	1	64	
573_13083		16	16		16	32			1	4		64	
573_13084		16	16		16	32			1	4	1	64	
573_13085			8		16	32			1	4	1	8	
573_13086	8	16	4		16	32			1	4	1	16	
573_13087	8		16		16	32			1	4	1	64	
573_13088		16	16		16	32			8	4	4	64	
573_13089	8	16	16		16	32			1	4	1	64	0.5
573_13090	8	16	4		16	32			1	4	1	8	
573_13091	8		4		16	32			1	1	1		
573_13092	8	16	16		16	32			1	4	1	64	
573_13093	8	16			16	32			1	4	1	64	
573_13094	8	16	16		16	32			1	4		64	
573_13095	8	16	16		16	32			8	4	8	64	
573_13096		16	16		16	32			8	4	8	64	
573_13097	8	16	16		16	32			8	4	8	64	
573_13098	8	16	16		16	32			1	4	1	64	
573_13099	8	16	8		16	32			1	4	1		
573_13100	8		4		0.5	32			1	1	1	2	
573_13101		1	16		16	32			1	4	1	64	0.5
573_13102	8	16	4		16	32			1	1	1		
573_13103	8		4		1	32			1	1	1	4	
573_13104	8		4		16	16			1	1	1	4	0.5
573_13105		16	16		16	32			8	4	4	64	
573_13106	8	16	8		16	32			1	4	1	64	
573_13107	8	16	4		16	32			1	4	1	64	
573_13108		1	16		16	32			8	4	8	64	
573_13109	8	1	16		16	32			8	4	8	64	
573_13110		16	16		16	32			8	4	8	64	
573_13111	8	1	16		16	32			1	4	1	64	
573_13112	8		16		16	16			1	4	1	64	
573_13113	8	1	16		16	32			8	4	8	64	
573_13114	8		16		16	32			1	4	1	16	
573_13115	8		4		16	32			1	1	1	8	
573_13116	8		8		16	32			1	4	1	16	
573_13117	8					32			1	4	1	64	
573_13118	8	16	4		16	32			1	1	1	4	0.5
573_13119		1	8		16	32			1	4	1	64	
573_13120	8	16	16		16	32			1	4	1	16	0.5
573_13121	8	1	16		16	32			1	4	1	64	
573_13122	8	16	4		16	32			1	4	1	64	
573_13123	8	16	8			32			8	1	1	64	0.5
573_13124	8	16	8		16	32			1	4	1	64	
573_13125	8	1	8		16	32			1	4	1	16	0.5
573_13126	8	16	8		16	32			1	4	1	64	
573_13127		16	16		16	32			8	4	4	64	
573_13128	8	1	16		16	32			1	4	1		
573_13129	8		4			32			1	1	1	2	
573_13130	8		4		16	32			1	1	1		
573_13131		16	8		16	32			1	4	1	64	
573_13132		16	16		16	32			8	4	8	64	
573_13134	8		4		1	32			1	1	1	2	
573_13135	8	16			16	32			1	4	1		
573_13136	8	1	16		16	32			8	4	8	64	
573_13137	8	1	4		16				1	1	1	64	
573_13138	32	16	16		16	32			8	4	8	64	
573_13140		1	16		16	32			8	4	8	64	
573_13141	8		16		1				1	1	1		
573_13142	8	16	16		16	32			1	4	1	64	
573_13144	8	16			16	32			1	4	1	16	
573_13145		16	16		16	32			8	4	8	64	
573_13147	8	16	4		16	32			1	4	1		
573_13148	8	1	8		16	32			1	4	1	16	
573_13149	8	16	8		16	32			1	4	1		
573_13150	8	16	4		16	32			1	1	1		
573_13151		1	16		16	32			1	4	1	64	
573_13152	8	16	8		16	32			1	4	1	8	0.5
573_13153		16	16		16	32			4	4	4	64	
573_13156		16	16		16	32			8	4	8	64	
573_13157		1	8		16	16			1	4	1	4	
573_13158		16	8		16	32			1	4	1	64	0.5
573_13159		1	16		16	32			1	4	1	64	
573_13160	8	1	16		16	32			1	4	4	64	
573_13161		16	16		16	32			8	4	8	64	
573_13162	8	16	16		16	32					8	64	
573_13163		16	16		16	32			8	4	8	64	
573_13164	8	1	16		16	32			8	4	8	64	
573_13165	8	16	16		16	32			1	1	1		
573_13166	8		4		16	32			1	1	1	16	
573_13168	8		4		16	32			1	1	1	16	
573_13169		16	16		16	32			8	4	8	64	0.5
573_13170	8		4		16	32			1	1	1		
573_13171	8	16	4		16	32			1	4	1	64	
573_13172	8	1	16		16	32			8	4	8	64	0.5
573_13173	8	16	16		16	32			1	4	1	64	
573_13174	8	16	16		16	32			8	4	8	64	0.5
573_13175		16	16		16	32			8	4	8	64	
573_13176		16	16		16	32			8	4	8	64	
573_13177		16	16		16	32			1	4		64	
573_13178	8	16	16		16	32			8	4	8	64	
573_13179			8		16	32			1	4	1		
573_13180	8	16	4		16	32			1	4	1	64	
573_13181	8	16	8		16	32			1	4	1	64	
573_13182	8	1	16		16	32			8	4	8	64	
573_13183	8	16	16		16	32				4	4	64	
573_13185	8	1	16		16	32			1	4	1	64	
573_13186	8	16	16		16	32			4	4		64	
573_13187	8	16	16		16	32			1	4	1	64	
573_13189		16	16		16	32			8	4	8	64	
573_13190		16	16		16	32			8	4	8	64	
573_13191		16	16		16	32			8	4	8	64	
573_13192	8	16	4		16	32			1	4	1	64	0.5
573_13193		16	16		16	32			8	4	8	64	
573_13194	8	1	16		16	32			1	4	1	64	0.5
573_13195	8	1	16		16	32			8	4	8	64	
573_13196	8	16	16		16	32			1	4	1	64	
573_13197	8	1	16		16	32			1	4	1	64	
573_13198	8		8		16	32			1	1	1	64	0.5
573_13199	8		8		16	16			1	1	1	64	0.5
573_13200	8	16	16		16	32			1	4	1	64	
573_13201	32	16	16		16	32			8	4	8	64	
573_13202	8	1	16		16	32			1	4	4	64	
573_13203	8		8		16	32			1		1	8	0.5
573_13204	8	16	8		16	32			1	4	1		
573_13205	32	16	16		16	32			8	4	4	64	
573_13207	32	16	16		16	32			8	4	8	64	
573_13208	32	16	16		16	32				4	4	64	
573_13209	8	16	16		16	32			1	4	1		
573_13210		16	16		16	32			8	4	8	64	
573_13211		16	16		16	32			8	4	8	64	
573_13212	8	1	16		16	32			8	4	8	64	
573_13213	8	1	16		16	32			8	4	8	64	
573_13214	8	16	16		16	32			8	4	8	64	
573_13215	8	16	16		16	32			8	4	8	64	
573_13216	8	16			16	32			1	4	1		
573_13217		16	16		16	32			8	4	8	64	
573_13218	8	16	16		16	32			1	4		64	
573_13219		16	16		16	32			8	4	8	64	
573_13220	8	16	16		16	32			8	4	8	64	
573_13221		16	16		16	32			8	4	8	64	
573_13222	8	16	16		16	32				4	4	64	
573_13223	8	1	16		16	32			1	4	1	64	
573_13224	8	1	16		16	32			8	4	8	64	
573_13225	8	16	8		16	32			1	4	1	64	0.5
573_13226			16		16	32			1	4	1	64	
573_13227			16		16	32			1	4	1	64	
573_13228					16	32			1	4	1	8	
573_13229	8	16	4		16	32			1	1	1	8	
573_13230	8	16	16		16	32			1	4	1		
573_13231	8	1	8		16	32			1	4	1	16	0.5
573_13232			16		16	32			1	4	1	64	
573_13233		16	16		16	32			8	4	8	64	
573_13234	32	16	16		16	32			8	4	8	64	
573_13235	8	16	16		16	32			8	4	8	64	
573_13236		16	16		16	32			1	4	4	64	
573_13237		16	16		16	32			8	4	8	64	
573_13238		1	16		16	32			8	4	8	64	
573_13239	32		16		16	32			1	4	1	64	
573_13240	32	16	16		16	32			8	4	8	64	
573_13241	8	16	4		16	32			1	1	1	64	0.5
573_13242	8		16		16	16			1	4	1	16	0.5
573_13244	8	16	4		16	32			1	4	1		
573_13246	8	16	4		16	32			1	4	1	64	
573_13247	8	1	16		16	32			8	4	8	64	
573_13248	8	16	8		16	32			1	4	1	64	0.5
573_13249	8	16			16	32			1	4	1	16	0.5
573_13250	8	16	16		16	32			1	4	1	64	0.5
573_13251	8	1	16		16	32			8	4	8	64	
573_13252	32	16	16		16	32			8	4	8	64	
573_13253	8	16	8		16	32			1	4	1	64	0.5
573_13254	8	16	4		16	32			1	4	1	64	
573_13255		16	16		16	32			8	4		64	
573_13256	8	16	4		16	32			1	4	1	64	
573_13257	8	16	16		16	32			8	4	8	64	
573_13258	8	16	4		16	32			1	1	1	64	
573_13259	8	16	16		16	32			8	4	8	64	
573_13260	8	1			16				1	4	1	16	
573_13261		16	16		16	32			1	4	1	64	
573_13262	8		8		16	32			1	4	1	64	0.5
573_13263	8		16		16	32			1	4	1	64	
573_13264	8	1	16		16	32			1	4	1	64	
573_13265	8	16	16		16	32			1	4	1	64	
573_13266	8	1	8		16	32			1	4	1	64	
573_13267	8	16	16		16	32			1	4	1	64	
573_13268	8	1	16		16	32			1	4	1	64	
573_13269	8	16			16	32			1	4	1	64	
573_13270	8	16	8		16	32			1	4	1	64	0.5
573_13271			16		16	32			1	4	1	16	
573_13272		16	4		16	32			1	4	1	4	
573_13273		16	16		16	32			8	4	8	64	
573_13274	8	1	16		16	32			8	4	8	64	
573_13275	8		4		16	32			1	1	1	4	
573_13276	8	1	16		16	32			1	4	1	64	
573_13277	8		4		16	32			1	1	1	64	
573_13278	8	1	16		16	32			8	4	8	64	
573_13279	8	16	4		16	32			1	1	1	4	0.5
573_13280	8	1	16		16	32			1	4	1	64	
573_13281		16	16		16	32			1	4	1	64	
573_13282	8	16	8		16	32			1	4	1	16	
573_13283	8	16	4		16	32			1	4	1	64	0.5
573_13284	8	16	4		4	32			1	4	1	8	
573_13285	8	1	16		16	32			1	4	1	64	0.5
573_13286	8	1	4		0.5	32			1	1	1	4	
573_13287	8	16	16		16	32			1		1		
573_13288	32	16	16		16	32			8	4	8	64	
573_13289	8	1	16		16	32			8	4	8	64	
573_13290	8	16	16		16	32			8	4	8	64	
573_13291		1	16		16	32			1	4	1	64	
573_13292	8		16		16	32			4	4	8	64	
573_13293	8	16	8		16	32			1	4	1	8	0.5
573_13294	8	16			16	32			1	4	1	16	
573_13295	8		4		4	32			1		1	8	
573_13296	8	1	8		16				1		1	8	0.5
573_13297	8	1			16				1		1	8	0.5
573_13298	8	16	4		4	32			1		1	4	
573_13299	8	1	16		16	32			1	4	1	64	
573_13300		16	8		16	32			1	4	1	8	
573_13301	8	16	4		16	32			1	1	1	16	
573_13302	8		16		16	16			1	4	1		
573_13303	32	16	16		16	32			8	4	8	64	
573_13304	8	16	4		16	32			1	1	1		
573_13305	8	1	16		16	32			1	4	1	64	
573_13306	8	16	8		16	32			1	4	1	64	
573_13307	32	16	16		16	32			8	4	8	64	
573_13308	8	16	8		16	32			1	4	1	64	
573_13309	8	16	8		16	32			1	4	1	8	
573_13310	8	16	4		16	32			1	4	1	4	
573_13311	8	16	16		16	32			1	4	1	64	
573_13312	8	16	8		16	32			1	4	1	16	
573_13313	8		4		16	32			1	4	1	64	0.5
573_13314	8	16	8		16	32			1		1	64	
573_13315	8	16	16		16	32			1	4	1	64	
573_13316	8	16	4		16	32			1	4	1	64	0.5
573_13317	8	16	8		16	32			1	4	1	16	
573_13318	8		4		16	32			1	1	1	8	
573_13319	8	16	4		16	32			1	1	1	16	
573_13321	8	1	8		16				1		1	8	
573_13322	32	16	16		16	32				4	4	64	
573_13323	8	1	8		16	32					1	64	0.5
573_13324	8	1	8		16	32			1	4	1	64	
573_13325	8	16	16		16	32			1	1	1	64	0.5
573_13326	8	16			16	32			1	4	1	64	
573_13327			16		16	32				4		64	
573_13328	8	1	4		16	32			1	4	1		
573_13329	8		8		16	32			1	4	1		
573_13330	8	16	8		16	32			1	4	1	8	
573_13331	8	16	4		16	32			1	1	1		
573_13332	8		4		16	32			1	1	1	16	
573_13333	8	1	16		16	32			1	4	1	64	
573_13334	8	1	4		16	32			1	4	1	16	0.5
573_13335	8	16	4		16	32			1	1	1	16	
573_13336	8	1	4		16	32			1	4	1	16	0.5
573_13338	8	1	16		16	32			1	4	1	64	
573_13340	8	1	16		16	32			1	4	1	64	
573_13341		16	16		16	32			1	4		64	
573_13342		16	16		16	32			1	4	1	16	
573_13343			16		16	32			1	4	1		
573_13345	8	16			16	32			1	4	1	64	
573_13347					16	32			1	4	1	64	
573_13348	8	16	4		16	32			1	4	1	16	
573_13349	8	16	8		16	32			1		1	16	
573_13350	8	16	16		16	32			8	4	8	64	
573_13351		16	16		16	32			1	4		64	
573_13352	8	1	8		16	32			1		1	64	0.5
573_13353		16	16		16	32			1	4	1	64	
573_13354	8	1	8		16	32				4	1	64	0.5
573_13355	8	1	16		16	32			8	4	8	64	
573_13356	8	1	16		16	32			8	4	8	64	
573_13357	8	16			16	32			1		1		
573_13359	8		4		16	32			1	1	1	8	
573_13360	8	1	16		16	32			1	4	1	64	
573_13361	32	16	16		16	32			8	4	8	64	
573_13362		16	16		16	32			8	4	4	64	
573_13363	8	16	16		16	32			8	4		64	
573_13364	8	16	16		16	32				4	8	64	
573_13365	8	16	16		16	32			8	4	8	64	
573_13366	8	1	4		0.5	32			1	1	1	4	0.5
573_13368	8	16			16	32			1	4	1	8	
573_13369	8	16	16		16	32			8	4	8	64	
573_13370	8		4		16	32			1	1	1	8	
573_13371	8	16	16		16	32			1	4	1	64	0.5
573_13372	8	16	4		16	32			1	4	1	16	
573_13373	8	16	16		16	32			1	4	1	64	
573_13374	8	16	4		16	32			1	1	1	8	
573_13375	8	16	4		16	32			1	1	1		
573_13376	8	16	4		16	32			1		1		
573_13377	8		16		16	32			1	4	1	64	
573_13378		16	16		16	32			8	4	8	64	
573_13379	8	16	4		16	32			1	4	1	8	
573_13380	8	1	16		16	32			8	4	8	64	
573_13381	8		4		16	32			1	4	1	8	
573_13382	8		16		16	32			8	4	8	64	
573_13383	8	16	4		16	32			1	1	1	4	
573_13384	8	16	16		16	32			8	4	8	64	
573_13385	8	16	4			32			1	1	1	16	
573_13386	8	16	8		16	32			1	4	1	8	0.5
573_13388	8	16			16	32			1	4	1	64	
573_13389	8	16	16		16	32			8	4	8	64	
573_13390		16	16		16	32			8	4	8	64	
573_13391	8	16	4		16	32			1	4	1		
573_13393	8	16	16		16	32			1	4	1	64	
573_13395	8	1	4		16	32			1	4	1	64	
573_13396	8	16	4		16	32			1		1		
573_13397	8	16	16		16	32			8	4	8	64	
573_13399	32	16	16		16	32			8	4	8	64	0.5
573_13401	8	1	16		0.5				1	1	1	16	
573_13402		1	16		16	32			8	4	8	64	0.5
573_13403	8	16	16		16	32			8	1	8	64	
573_13404	8	16	16		16	32			1	4	1	16	
573_13405	8		16		16	32			1	4	1	16	
573_13406	8	16			16	32			1	4	1	64	
573_13407	8	16	8		16	32			1	4	1	64	
573_13409	8	16	4		16	32			1	1	1	4	
573_13411	8	16	4		16	32			1	1	1	4	0.5
573_13412		16	16		16	32			8	4	8	64	
573_13413	8	16	4		16	32			1	4	1		
573_13414	8	16	4		16	32			1	1	1		
573_13415	8		16		16	32			1	4	1		
573_13416	8	1	16		16	32			1	4	1	64	
573_13418		16			16	32			1	4	1	64	
573_13422	8		16		16	32			1	1	1	64	0.5
573_13424	8	16	8		16	32			1	4	1	8	
573_13425	8	16	16		16	32			1	4	1	16	
573_13427	8	1	16		16	32			8	4	8	64	
573_13428		16	4		16	32			1	1	1	64	
573_13429					16	32			8	4	8	64	
573_13430	8	1	16		16	32			4	4		64	
573_13431		16	16		16	32			4	4	12	64	
573_13434	8	1	16		16	32			8	4	8	64	
573_13435			8		16	32			1	4	1	64	
573_13436	8	16	4		16	32			1		1		
573_13437	8	16	4		16	32			1	4	1		
573_13438	8	16	16		16	32			8	4	8	64	
573_13440		16	16		16	32			8	4	8	64	
573_13441	8		16		16	32			1	4	4	64	
573_13442	8	16	4		16	32			1	1	1	8	
573_13443	8		4		1	32			1	1	1	2	
573_13444		16			16	32			8	4	8	64	
573_13445			16		16	32			1	4	1	64	
573_13446	8	1	16		16	32			1	4	1	64	
573_13447	8		16		16	32			1	4	4	64	
573_13448		16	16		16	32			8	4	8	64	0.5
573_13449		16	16		16	32			1	4		64	
573_13450					16	32			1	4	4	64	
573_13451	8	16	16		16	32				4	4	64	
573_13452	8	16	4		16	32			1	4	1	16	
573_13453		16	8		16	32			1	4	1	64	
573_13454	8	1	16		16	32			1	4	1	8	0.5
573_13455		16	16		16	32			8	4	8	64	
573_13456	8	1	4						1	1	1	64	0.5
573_13457	8	16			16	32			1		1	64	0.5
573_13458	8		8		16	32			1	4	1		
573_13459	8	16	4		16	32			1	1	1		
573_13460	8	1	4		16	16			1	4	1	2	0.5
573_13461		16	16		16	32			1	4	4	64	
573_13462	8	1	16		16	32			1	4		64	
573_13463	8	16	4		16	32			1	4	1	64	0.5
573_13465		1			16	32			1	4	1	64	
573_13466	8	16	16		1				1	4	1	64	
573_13467	8		8		16	32			1	4	1	64	0.5
573_13468			8		16	32			1	4	1	16	
573_13469	8	16	4		16	32			1	4	1	16	
573_13470			16		16	32			8	4	8	64	
573_13471	8	16	4		16	32			1	1	1		
573_13472	8	16	8		16	32			1	4	1	16	
573_13473	8	16	8		16	32			1	4	1		
573_13474		16	16		1				1	4	1	64	
573_13475	8	1			16	32			1	4	1	64	
573_13476		16	16		1				1	4	1	64	
573_13477		16	16		16	32			1	4	4	64	
573_13478	32		16		16	32			8	4	8	64	
573_13479	8	16	8		16	32			1	4	1	16	
573_13480	8		4			32			1	1	1	64	0.5
573_13481	8	1			16	32			1	4	1	64	
573_13482	8	1	16		16	32			1	4	1	64	
573_13483	8	16	16		16	32			8	4	8	64	
573_13485	8	16			16	32			1	4	1	64	
573_13486	8	16	8		16	32			1	1	1		
573_13487	8	16	16		16	32			1	4	1	16	
573_13488	8	16	8		16	32			1	4	1		
573_13489	8		8		16	32			1	4	1	4	0.5
573_13490		16	16		16	32			4	4	4	64	
573_13491		16	16		16	32			8	4	4	64	
573_13492	8		16		1	32			8	1	8	16	
573_13493	8	16	16		16	32			1	4	1	64	
573_13494		16	4		16	32			1	4	1	4	0.5
573_13495		1	16		16	32			1	4	1	64	
573_13496	8	16	4		16	32			1	4	1		
573_13497	8	16	4		16	32			1	4	1	64	0.5
573_13498	8		16		16	32			1	1	1	64	0.5
573_13499	8	16	4		16	32			1	4	1	64	
573_13500	8	16	4		16	32			1	4	1	16	
573_13501	8		16		16	16			1	1	1	16	
573_13502			8		16	32			1	4	1	16	
573_13503		16	16		16	32			8	4	8	64	
573_13504	8	16	4		16	32			1	4	1	16	0.5
573_13505		16	16		16	32			1	4	1	64	0.5
573_13506	8	16	8		16	32			1	4	1	64	
573_13507	8	16	4		16	32			1	4	1	8	
573_13508	8	1	4		4				1	1	1	64	0.5
573_13509	8	16	4		16	32			1	1	1	16	
573_13510		1	8		16	32			1	4	1		0.5
573_13511	8	1	4						1	1	1	64	0.5
573_13512	8	1	16		16	32			8	4	8	64	
573_13513	8		16		16	32			8	4	8	64	
573_13514	8	16	4		16	32			1	1	1		
573_13515	8	16	16		1				1	4	1	64	
573_13516	8		16		16	32			8	4	8	64	
573_13517	8	16	8		16	32			1	4	1	8	
573_13518			16		16	32			8	4	4	64	
573_13519	8	1	16		16	32			1	4	1	64	
573_13520	8	1	16		16	32			1	4	1	64	
573_13521	8	16	4		16	32			1	1	1	64	
573_13522	8	1	16		16	32			8	4	8	64	
573_13523	32	16	16		16	32			8	4		64	
573_13524		16	16		16	32			8	4	4	64	
573_13525		16	16		16	32			4	4	4	64	
573_13526	8	16	16		16	32			8	4	8	64	
573_13527	8		4			32			1	1	1	8	
573_13528			8		16	32			1	4	1		0.5
573_13529			8		16	16			1	4	1	16	
573_13530		1	16		16	32				4	4	64	
573_13531	32	16	16		16	32			8	4	8	64	
573_13532	8	16	4		16	32			1	1	1		
573_13533	8	16	8		16	32			1	4	1	64	
573_13534	8		16		16	32			1	4	1		
573_13535	8	16	16		16	32			8	4	8	64	
573_13537	8		16		16	32			1	4	1	64	0.5
573_13538	8	16			16	32			1	4	1	64	
573_13539	8	16	16		16	32			1	4	1	64	
573_13540	8	16	16		16	32			1	4	1	64	0.5
573_13541					16	16			1	4	1	4	
573_13542	8	16			16	32			1	4	1		
573_13543		16	16		16	32			8	4	4	64	
573_13544	8	16	16		16	32			1	4	4	64	
573_13545	8		4		16	32			1	1	1		
573_13546		16			16	32			1	4	1	64	
573_13547	8	16	16		16	32			1	4	1	8	0.5
573_13548	8	1	16		16	32			8	4	8	64	
573_13549	8	16	16		1				1	4	1	64	
573_13550	8	16	16		16	32			8	4	8	64	
573_13551					16	32			1	4	1	8	
573_13552	8	1	16		16	32			8	4	8	64	
573_13553	32	16			0.5	32			1	4	1	64	0.5
573_13554	8	16	4		16	32			1	1	1	16	
573_13555	8				16	32			1		1	8	0.5
573_13557		1	16		16	32			1	4	1	64	
573_13558	8	16	8		16	32			1	4	1	64	
573_13559		16	8		16	32			1	4	1	64	
573_13560	8	16	8		16	32			1	4	1	64	
573_13561	8	16	16		16	32			8	4	8	64	
573_13562	8	16	16		16	32			1	4	1	64	
573_13563		16	16		16	32			4	4	4	64	
573_13564	8	1	16		16	32			8	4	8	64	
573_13565	32	16	16		16	32			8	4	8	64	
573_13566	8	16	16		16	32			8	4	8	64	0.5
573_13567	8		8		0.5				1		1	64	0.5
573_13568		16	4		16	32			1	1	1	64	
573_13569	8	1	4		16	32			1	4	1	64	
573_13570	8	1	4						1	1	1	2	0.5
573_13571	8	1	16		16	32			1	4	1		
573_13572	8	16	4		16	32			1	1	1		
573_13573		16	16		16	32			4	4	8	64	
573_13574	8	16	16		16	32			1	4	1	64	
573_13575	8	1	16		16	32			1	4	1	64	
573_13576	8		16		16				1	1	1	64	0.5
573_13577	8	16	16		16	32			8	4	8	64	
573_13578		16	16		16	32			8	4	8	64	
573_13579	8	16	16		16	32			1	4	1	64	
573_13580	8	16			16	32			1	4	1	64	
573_13581	8	1	8		16	32			1	4	1		
573_13582	8				16	32			1	4	1	8	
573_13583	8	16	16		16	32			1	4	1	16	
573_13584					16	32			1	4	1	64	
573_13585		16	16		16	32			4	4	4	64	
573_13586	8	16	8		16	32			1	4	1	64	
573_13587		16	16		16	32			8	4	8	64	
573_13588	8	16	8		16	32			1	4	1	64	
573_13589		16	4		16	32			1	1	1	64	
573_13590	8		4		16	32			1	4	1	64	
573_13592	8	16	16		16	32			8	4	8	64	0.5
573_13593	8	16	16		16	32			8	4	8	64	
573_13594	8	16	8		16	32			1	4	1	64	
573_13595		16	16		16	32			8	4	8	64	
573_13596	8		8		16	32			1	4	1	64	
573_13597	8	16	16		16	32			1	4	1	16	
573_13598	8	16	16		16	32			1	4	1	16	
573_13599		16	4		16	32			1	1	1	64	
573_13600		16	16		16	32			8	4	8	64	
573_13601	8	1	16		16	32			1	4	1	64	
573_13602	8	16			16	32			1	4	1	16	
573_13603	8	16	16		16	32			8	4	8	64	
573_13604	8	16			16	32			1	4	1		
573_13606	8		16		16	32			1	4	1	16	0.5
573_13607	8		4		16	32			1	4	1	8	
573_13609	8	16	16		16	32			1	4	1		
573_13610	8	16	4		16	32			1	4	1	8	
573_13611	8		4		16	32			1	1	1		
573_13612					16	32			1	4	1	16	
573_13613		16	4		16	32			1	1	1	64	
573_13615	8	16	16		16	32			1	4	1		
573_13616		16	16		16	32			8	4	8	64	
573_13617		1	16		16	32			8	4	8	64	0.5
573_13619	8	16			16	32			4	4	4	64	0.5
573_13620	8	16	4		16	32			1	4	1	64	
573_13621	8	16	16		16	32			1	4	1	16	
573_13622	8	16	16		16	32			1	4	1	16	
573_13623	8				16	32			4	4	12	64	
573_13624	8	16	16		16	32			1	4	1	16	
573_13625	8	16	8		16	32			1	4	1	64	
573_13626	8	1	16		16	32			4	4	8	64	0.5
573_13627	8	1	4		16	4			1	1	1	4	0.5
573_13628	8	16			16	32			1	4	1	64	
573_13629		16	8		16	32			1	4	1	64	
573_13630	8	16			16	32			1		1		
573_13631	8	16			16	32			1	4	1		
573_13632			8		16	32			1	4	1	64	0.5
573_13633	8	16	4		16	32			1	1	1	16	
573_13634		16	16		16	32			8	4	8	64	
573_13635			16		16	32			1	4	1	64	
573_13636	8	16			16	32			1	4	1	64	
573_13637	8		4		16	32			1	1	1	64	
573_13638	8	16	4		16	32			1		1	64	
573_13639	8		8		16	32			8	1	1	64	0.5
573_13640	8	16	16		16	32			8	4	8	64	
573_13641	8	16	8		16	32			1	4	1	4	
573_13642	8	16	16		16	32			1	1	1	8	0.5
573_13643	8	16	16		16	32			1	4	1	16	
573_13644	8	1	16		16	32			1	4	1	64	0.5
573_13645	8		16		16	32			8	4	8	64	
573_13646	8	16	16		16	32			8	4	8	64	
573_13648			16		16	32			1	4	1	64	
573_13650	8	16	4		16	32			1	4	1	64	
573_13651	8		16			32			4	1	4	64	0.5
573_13652	8	16	16		16	32			1	4	1	64	
573_13653	32		8		16	16			1	4	1		
573_13654	8	16	8		16	32			1	4	1	64	
573_13655		16	16		16	32				4	4	64	
573_13656	8	1	16		16	32			1		1	64	0.5
573_13657		1	16		16	32			8	4	8	64	
573_13658	8	1	16		16	32			8	4	8	64	
573_13659	8	16	4		16	32			1	4	1	8	
573_13660	8	16	4		16	32			1	1	1		
573_13661	8	1	16		16	32			4	4	8	64	
573_13662	8	16	4			32			1	1	1	4	
573_13663	8	1	4		16				1	1	1	4	0.5
573_13664	8	1	16						1	1	1	64	0.5
573_13665		16	8		16	32			1	4	1	64	
573_13666	8	16	16		16	32			8	4	8	64	
573_13667	8	16	8		16	32			1	4	1	16	
573_13668	8	16	4		16	32			1	4	1		
573_13669	8	16	4		16	32			1	1	1		
573_13670		16	16		16	32			8	4	8	64	
573_13671	8		4		16	32			1	1	1	4	0.5
573_13672	8	16	4		16	32			1	1	1	64	
573_13673	8		4		16	32			1	4	1		
573_13674	8	16	4		16	32			1	4	1	64	
573_13675	8	16	4		16	32			1	1	1	16	
573_13676		16	16		16	32			8	4	8	64	
573_13677	8		8		16	32			1	4	1	4	
573_13678	8	16	4		16	32			1	4	1	64	
573_13679	8		4		16	32			1		1	4	
573_13680		16	16		16	32			8	4	8	64	
573_13681	8	16	4		16	32			1	4	1	16	
573_13682	32		8		16	32			1	4	1	16	
573_13683	8	16	8		16	32			1	4	1	64	
573_13684	32	16	16		16	32			1	4	1	64	
573_13685		1	16		16	32			8	4	8	64	
573_13686	8	16	16		16	32			6.0	4	6	64	
573_13687	8	16	4		16	32			1	4	1	16	0.5
573_13688	8		16		16	32			1	4	1	64	
573_13689	8	1	16		16	32			8	4	8	64	
573_13690			8		16	32			1	4	1	64	
573_13691		16	16		16	32			8	4	8	64	
573_13692	8	1	16		16	32			8	4	8	64	
573_13693	8	1	16		16	32			8	4	8	64	
573_13694	8	16	8		16	32			1	4	1	16	
573_13695	8	1	16		16	32			1	4	1	64	
573_13696	8	16	16		16	32			1	4	1	64	
573_13697	8	16			16	32			1	4	1		
573_13698	8	1	8		16	32			1	4	1	64	
573_13699		16	8		16	32			1	4	1	64	
573_13700	8	1	16		16	32			1	4	1		0.5
573_13701	8	16	4		16	32			1	1	1	4	
573_13702	8	16	8		16	32			1	4	1	16	
573_13703	8		4		16	32			1	1	1	8	
573_13704	8	16	16		16	32			8	4	8	64	
573_13705	8	16	4		16	32			1	1	1	64	0.5
573_13706		16			16	32			1	4	1	64	
573_13707	32		16		16	32			8	4	8	64	
573_13708	8	16	4		16	32			1	4	1	16	
573_13709	8	16	16		16	32			1	4	1	8	
573_13710	8	16			16	32			1	4	1	2	
573_13711	8	1			16	32			1	4	1	64	
573_13712	8	16	16		16	32			1	4	1	64	
573_13713	8	1	8		16	32			1	4	1	64	0.5
573_13714	8	16	4		16	32			1	1	1		
573_13715		16	16		16	32			8	4	8	64	
573_13716	8	16	8		16	32			1	4	1		
573_13717	8	16	4		16	32			1	1	1	16	
573_13718	8	16	8		16	32			1	4	1	64	0.5
573_13719	8	1			16	32			1	1	1	64	0.5
573_13720	8	16	4		16	32			1	1	1		
573_13721		16	16		16	32			8	4	4	64	
573_13722	8		16		16	32			8	4	8	64	
573_13723	8	16	8		16	32			1	4	1	8	
573_13724	8	16	4		16	32			1	4	1	8	
573_13725		16	16		16	32			8	4	8	64	
573_13726	8	16	4		16	32			1	1	1	4	
573_13727	8	16	16		16	32			1	4	1	64	
573_13728	8	16			16	32			1	4	1	64	
573_13729	8	16	8		16	32			1	4	1	4	
573_13730	8	16	4		16	32			1	1	1	16	
573_13731	8	1	16		16	32			8	4	8	64	
573_13732	8	16	4			32			1	1	1	16	
573_13733	8	16	8		16	32			1	4	1	8	
573_13734	8	16	16		16	32			1	4	1	64	
573_13735	8	1	4		16	32			1	1	1	16	
573_13736	8	1	16		1				1		1		0.5
573_13737	8		16		16	32			1	4	1	64	0.5
573_13738	8	16	4		16	32			1	4	1	16	
573_13739	8	1	4						1	1	1	64	0.5
573_13740	8	16	8		16	32				1	1		
573_13741	8	16	16		16	32			1	4	4	64	0.5
573_13742	8	16			16	32			1	4	1	64	
573_13743		16	8		16	32			1	4	1	64	0.5
573_13744	8		8		16	32			1	4	1	64	
573_13745	8		8		16	32			1	1	1	64	0.5
573_13746	8		16		16	32			8	4	8	64	
573_13747	8	1				32			1	4	1	64	
573_13748	8	16	4		4	32			1	1	1	4	
573_13749			8		16	32			1	4	1		
573_13750	32	16	16		16	32			1	4	1	64	
573_13751	8	16	16		16	32			4	4	8	64	
573_13752	32	16	4		16	32			1	1	1	64	
573_13753	8		16		16	32			1	4		64	
573_13754	8	1	16		2				1		1		
573_13755	8	1	16		16	32			4	4	1	64	
573_13756		16	8		16	32			1	4	1	64	
573_13757	8	1	16		16	32			1	4	1	64	
573_13758	8	16	4		16	32			1	4	1	16	0.5
573_13759		16	8		16	32			1	4	1	64	0.5
573_13760	8	1	16		16	32			1	4	1	64	
573_13761	8	1	16		16	32			1	4	1	64	
573_13762	8	16	8		16	32			1	4	1	64	0.5
573_13763	8	1	16		1				1	1	1	64	
573_13764	8	1	4		16	32			1	1	1	4	0.5
573_13765		16	8		16	32			1	4	1	64	
573_13766	8	16			16	32			1	4	1	16	
573_13767	8		4		16	32			1	1	1	8	
573_13768	8		4			32			1		1	4	
573_13769		16	16		16	32			8	4	8	64	
573_13770	8	1	16		16	32			8	4	8	64	
573_13771	8	16			16	32			8	4	8	64	
573_13772	8	16	4		16	32			1	4	1	64	
573_13773		16	16		16	32			8	4	8	64	
573_13774	8	16	8		16	32			1	4	1	16	
573_13775	8				16	32			1	4	1	64	0.5
573_13777	8	16	16		16	32			1	4		64	
573_13778		16	16		16	32			4	4		64	
573_13779	8	16	4		16	32			1	4	1		
573_13780	8	1	16		16	32			1	4	1	64	
573_13781		1	16		16	32			8	4	8	64	
573_13782	8	1	8		16	32			1	4	1	64	
573_13783	8	1	16		16	32			8	4	8	64	
573_13784		16	16		16	32			8	4	8	64	
573_13785	8	16	16		16	32			1	4	1	64	
573_13786	8	16			16	32			1	4	1	64	
573_13787	8	16	8		16	32			1	4	1	64	0.5
573_13788		16	16		16	32			8	4	8	64	
573_13789	8		16		16	32						64	0.5
573_13790		16	16		16	32			8	4	8	64	
573_13791	8		4		16	32			1	4	1	16	
573_13792	8	16	4		16	32			1	1	1	16	
573_13793		16	16		16	32			8	4	8	64	
573_13794	8	16	8		16	32			1	1	1		
573_13795	8	16	4		16	32			1	4	1	64	
573_13796		16	16		16	32			8	4	8	64	
573_13797		16	16		16	32			8	4	8	64	
573_13798		16	16		16	32			8	4	8	64	
573_13799	8	16	16		16	32			8	4	8	64	
573_13800	8	16			16	32			1	4	1	64	0.5
573_13801	8	16			16	32			1	1	1	4	
573_13802			8		16	32			1	4	1		
573_13803					16	32			1	4	1	8	
573_13804	8	1	16		16	32			8	4	8	64	
573_13805	8	16			16	32			1	1	1		
573_13806					16	32			1	4	1	16	0.5
573_13807	8	16	16		16	32			8	4	8	64	
573_13808		16	16		16	32			8	4	8	64	
573_13809	8				16	32			1	4	1	16	
573_13810	8	16			16	32			1	4	1	64	
573_13811	8	1	16		16	32			8	4	8	64	
573_13812	8	16	16		16	32			8	4	8	64	
573_13813	8	16			16	32			1	4	1	64	0.5
573_13814	8		4		16	32			1	4	1		
573_13815	8		4		16	32			1	1	1		
573_13816	8	16	16		16	32			8	4	8	64	
573_13817	8	16	4		16	32			1	1	1	16	
573_13818	8	16	4		16	32			1	4	1	4	
573_13819		16	16		16	32			8	4	8	64	
573_13820	8	16			16	32			1		1	64	
573_13821	8	16			16	32			1	4	1	64	
573_13822	8	16			16	32			1		1	64	
573_13823	8	16	8		16	32			1	4	1		
573_13824					16	16			1	4	1	8	
573_13825	8	16	8		16	32			1	1	1		
573_13826	8	16	16		16	32			1	4	1	16	
573_13827	8	16	16		16	32			1	4	1	64	
573_13828	8	16	16		16	32			1	4	1	64	
573_13829		1	8		16	32			1	4	1	64	
573_13830	8	1	16		16	32			1	4	1	64	
573_13831	8	16	16		16	32			8	4	8	64	
573_13832	8	16	4		16	32			1	4	1	16	0.5
573_13833	8	16	4		16	32			1	1	1	16	
573_13834	8	1	16		2				1	1	1	64	
573_13835	8		4		1	32			1	1	1	4	
573_13836	8		16		16	32			8	4	8	64	
573_13838			8		16	16			1	4	1		
573_13839	8	16	8		16	32			1	4	1	64	
573_13840		16			16	32			4	4	1	64	
573_13841	8		4		16	32			1	1	1	16	
573_13842		16	16		16	32			8	4	8	64	
573_13843	8	16	4		16	32			1		1	8	
573_13844	8		16		16				1	1	1	64	
573_13845	8		16		16				1	1	1	64	
573_13846	8	16	16		16	32			8	4	8	64	
573_13847		16	16		16	32			8	4	8	64	
573_13848	8	16	4		16	32			1	1	1		
573_13849	32	16	16		16	32			8	4	8	64	
573_13850		16	16		16	32			4	4	4	64	
573_13851	8				16	32			1	4	1	64	
573_13852		16	16		16	32			8	4	8	64	
573_13853	8	1	4						1	1	1	64	0.5
573_13854	8		16		16	32			8	4	8	64	
573_13855	8	1	16		16	32			8	4	8	64	
573_13856			8		16	32			1	4	1		
573_13857	8	16	8		16	32			1	4	1	8	
573_13858	8	16	16		16	32			1	4	1	64	
573_13859	8	16	8		16	32			1	4	1		
573_13860	8		8			32			1	4	1	2	0.5
573_13861	32	16	16		16	32			8	4	4	64	
573_13862			8		16	32			1	4	1	64	
573_13863	8	16	16		16	32			1	4	1	64	
573_13864		16	16		16	32			1	4		64	
573_13865	8	1	16		16	32			8	4	8	64	
573_13866	8	16	16		16	32				4	4	64	
573_13867		16	16		16	32			8	4	8	64	0.5
573_13868	8		4		4	16			1	4	1	8	
573_13869	8	16	16		16	32			1	4	1	64	
573_13870	8	16	4		16	32			1	1	1	4	0.5
573_13871	8		8		16	32			1	4	1	16	
573_13872	8	16	16		16	32			8	4	8	64	
573_13873	8	16	16		16	32			1	4	1	64	
573_13874	8	16	8			32			1	1	1	4	
573_13875	8	16	4		16	32			1	4	1	4	
573_13876			8		16	16			1	4	1	16	
573_13877			8		16	16			1	4	1		
573_13878			8		16	16			1	4	1	16	
573_13879		16	16		16	32			8	4	8	64	
573_13880	8	16	16		16	32			1	4	1	16	
573_13881	8	16	16		16	32			8	4	8	64	
573_13882	8	16	4		16	32			1	1	1	16	
573_13883	8				16	32			1	4	1	64	
573_13884	8	16	8		16	32			1	4	1	16	
573_13885	8	16	8		16	32			1	4	1	16	0.5
573_13886	8		16		16	32			1	4	1	64	
573_13887	8	16	16		16	32			8	4	8	64	
573_13888	8		4		16	32			1	4	1	16	
573_13889	8	16	8		16	32			1	4	1	16	
573_13890	8		4			32			1	4	1	8	
573_13891	8	1			16	16			1	1	1	4	
573_13892	8	16	4		16	32			1	4	1	16	
573_13893		16			16	32			1	4	1	64	
573_13894	8	1			16	32			8	4	8	64	
573_13895	32		8		16	16			1	4	1	8	
573_13896			16		16	32			1	4		64	
573_13897	8	16	4		16	32			1	1	1	64	
573_13898	8	16	8		16	32			1	4	1	64	
573_13899	8	1	4		0.5	8			1		1	2	
573_13900	8		16		16	32			8	4	8	64	
573_13901	8	16			16	32			1	4	1	16	
573_13902	8		4		16	32			1	4	1	16	
573_13903	8	16	8		16	32			1	4	1	16	0.5
573_13904		16			16	32			1	4	1	64	
573_13905	8	16			16	32			4	4	4	64	0.5
573_13906	8		16		16	32			1	4	1	64	
573_13907	8	16			16	32			1	4	1	64	
573_13908	8	16	16		16	32			8	4	8	64	
573_13909	8	16	16		16	32			8	4	8	64	
573_13910	8				16	32			1	4	1	16	
573_13911	8	16	16		16	32			8	4	8	64	
573_13912	8	16	8		16	32			1	4	1	64	0.5
573_13913	8	16	16		16	32			8	4	8	64	0.5
573_13914	8		4			32			1		1	4	
573_13915					16	32			1	4	1	64	
573_13916	8	16	16		16	32			8	4	8	64	
573_13917		16			16	32			1	4	1	64	
573_13918	8	16			16	32			8	4	8	64	
573_13919	8	16	16		16	32			8	4	8	64	
573_13920		16	16		16	32			8	4	8	64	0.5
573_13921		16			16	32			1	4	1	64	
573_13922	8	16	16		16	32			1	4	1	64	
573_13923		16			16	32			8	4	8	64	
573_13925	8		4		16	32			1	1	1	64	
573_13926		16	16		16	32			1	4	1	64	
573_13927	8	16	8		16	32			1	4	1	16	0.5
573_13928	8	1	4		16				1	1	1	4	0.5
573_13929	8	16	4		16	32			1	1	1		
573_13930	8	16	16		16	32			8	4	8	64	
573_13931		16			16	32			8	4	8	64	0.5
573_13932	8	16			16	32			1	4	1	64	
573_13933		16	16		16	32			8	4	8		
573_13934	8	16	4		16	32			1	4	1	8	
573_13935	8	16			16	32			1	1	1		
573_13936	8				4	32			1	4	1	2	
573_13937		16	16		16	32			8	4	8	64	
573_13938	8	16	16		16	32			8	4	8	64	
573_13939		16	16		16	32			8	4	8	64	0.5
573_13940			16		16	32			8	4	8	64	0.5
573_13941	8	16			4	32			4	4		64	
573_13942			16		16	32			4	4	4	64	
573_13943	8				16	32			1		1	64	
573_13944	8	1	8			32			4	4		64	
573_13945	8	16	4		16	32			1	4	1	64	
573_13946	8	16	16		16	32			1	4	1	8	
573_13947	8	1	16		16	32			8	4	8	64	
573_13948		1	16		16	32			1	4	1	64	
573_13949	8	16	4		16	32			1	4	1	4	
573_13950	8	16	4		16	32			1	4	1		
573_13951		16	16		16	32			8	4	8	64	
573_13952	8	16	16		16	32			8	4	8	64	
573_13953		16	8		16	32			1	4	1	64	0.5
573_13954	8	1			16	32			8	4	8	64	
573_13955					16	32			8	4	8	64	0.5
573_13956	8	1			16	32			8	4	8	64	
573_13957	8	16	8			32			4	4		64	
573_13958	8	16	16		16	32			8	4	8	64	
573_13959	8	1	4		16	32			1	4	1		
573_13960		16	16		16	32			8	4	8	64	
573_13961	8		16		16	32			8	4	8	64	
573_13962	8	1	4		16				1	4	1	4	0.5
573_13963	8				16	32			1	4	1	64	
573_13964	8	16	16		16	32			1	4	1	64	
573_13965	8	16			16	32			8	4	8	64	
573_13966	8	16	4		16	32			1	4	1	16	
573_13967	8	1	16		2				1	1	1		
573_13968	8	16			2	32			1	4	1	8	0.5
573_13969	8	16	8		16	32			1	4	1	8	
573_13970	8	16	8		16	32			1	4	1	8	
573_13971	8	16	16		16	32			8	4	8	64	
573_13972		16	8		16	32			1	4	1		
573_13973	8	16	16		16	32			8	4	8	64	
573_13974			16		16	32			1	4	1	64	0.5
573_13975		16	16		16	32			8	4	8	64	
573_13976	8	16	8		16	32			1	4	1	8	0.5
573_13977			8		16	32			1	4	1	8	0.5
573_13978		16	16		16	32			8	4	4	64	
573_13979	8		16		16	32			1	4	1	64	
573_13980	8	1	4		2				1	1	1	64	0.5
573_13981		16	16		16	32			8	4	8	64	0.5
573_13982	8		16		16	32			1	4	1	64	
573_13983	8		16		16	32			1	4	1	64	
573_13984	8	16	4		16	32			1	4	1		
573_13985	8	16	4		16	32			1	4	1	16	
573_13986		16	16		16	32			8	4		64	
573_13987	8	16	4		16	32			1	4	1	64	
573_13988	8	16	4		16	32			1	4	1	64	
573_13989		16	16		16	32			8	4	8	64	
573_13990	8		16		16	32			8	4	8	64	
573_13991		16	16		16	32			8	4	8	64	
573_13992	8		4		16	32			1	4	1	16	
573_13993	32	16	16		16	32			1	1	1	64	0.5
573_13994	8	16	4		16	32			1	4	1		
573_13995	8	16	4			32			1	1	1	4	0.5
573_13996	8	16	4		16	32			1	4	1	64	
573_13997		16	16		16	32			8	4		64	
573_13998	32	16	8		16	32			1	4	1	64	0.5
573_13999	32	16	8		16	32			1	4	1	64	
573_14000		16	16		16	32			1	4	4	64	
573_14001	8	1	16		16	32			8	4	8	64	0.5
573_14002	8	16	16		16	32			1	4	4	64	
573_14003			8		16	16			1	4	1	8	0.5
573_14004	8	16			16	32			1	4	1	64	
573_14005	8	1	16		16	32			8	4	8	64	
573_14006		16	8		16	32			1	4	1	64	
573_14007	8	16	16		16	32			1	4	1		0.5
573_14008	8	16	8		16	32			1	4	1	8	
573_14009	8	1	16		16	32			8	4	8	64	
573_14010	8	16	16		16	32			1	4	1	64	
573_14011	8		16		16	32			8	4	8	64	
573_14012		1			16	32			1	4	1	64	
573_14013	8	1	16		1				1	1	1	16	0.5
573_14014	8	16	8		16	32			1	4	1	64	
573_14015	8		16		16	32			1	4	1	16	
573_14016	8	1	8		16	32			1	4	1	64	
573_14017	8	1	16		16	32			1	4	1	64	
573_14018	8	1	16		16	32			1	4	1	64	
573_14019	8	1	16		16	32			1	4	1	64	
573_14020	8	1	16		16	32			1	4	1	64	
573_14022		16	16		16	32			8	4	8	64	0.5
573_14023		16	16		16	32			8	4	8	64	0.5
573_14024	8	16	4		16	32			1	4	1	16	
573_14026	8	16	4		16	32			1	1	1	8	
573_14027	8	16	4			32			1	1	1	4	
573_14028	8		4		16	32			1	4	1	64	
573_14029	8	1	4		16	32			1	4	1	64	
573_14030		16	4		16	32			1	4	1	64	
573_14031		16	16		16	32			1	4		64	
573_14032	8	16	16		16	32			1	4	1	64	
573_14033			16		16	32			8	4	8	64	
573_14034	8	16	8		16	32			1	4	1	64	
573_14035	8	1	16		16	32			1	4	1	64	
573_14036	32				16	32			1	4	1		
573_14037	8	16	16		16	32			1	4	1	64	
573_14038	8	1	16		16	32			1	4	1	64	
573_14039	8	1	16		16	32			1	4	1	64	
573_14040			16		16	32			8	4	8	64	
573_14041	8	16	8		16	32			1	4	1		
573_14042	8		16		16	32			1	4	1	64	
573_14043	8	16	4			32			1	1	1		
573_14044	8	16	16		16	32			1	4	1	64	
573_14045	8	16	4		16	32			1	4	1	16	
573_14046	8		16		16	32			1	4	1	64	
573_14047	8	16	16		16	32			1	1	1	64	
573_14048	8	16	16		16	32			1	4		64	
573_14049		16	16		16	32			1	4	1	64	
573_14050		16	16		16	32			8	4	8	64	
573_14051	8	16	16		16	32			1	4	1	16	
573_14052		16	16		16	32			8	4	8	64	
573_14053		16	16		16	32			8	4		64	
573_14054			8		16	32			1	4	1	64	
573_14055	8	1	4		16	32			1	4	1	8	0.5
573_14056	8		16		16	32			8	4	8	64	
573_14057	8	16			16	32			1	4	1	64	
573_14058	32	16	16		16	32			8	4	8	64	
573_14060	32	16	16		16	32			8	4	8	64	
573_14061	8	16	16		16	32			8	4	8	64	
573_14062	8	16	8		16	32			1	4	1	64	
573_14063	8		4			32			1	4	1	64	
573_14064	8	1							1		1	64	
573_14065	8	1	16		16	32			1	4	1	64	
573_14066	32	16	16		16	32			1	4	4	64	
573_14067		16	16		16	32			1	4	1	64	0.5
573_14068	8	1	16		16	32			1	4	1	64	
573_14069	8	1	16		16	32			1	4	1	64	
573_14070	8		4		16	32			1	1	1	8	
573_14071	8		4		16	32			1	1	1	16	
573_14072	8	16	4		16	32			1	4	1	8	
573_14073	8	1	16		1				1	1	1		
573_14074	8	1	16		16	32			1	4		64	
573_14075	8	16	4		16	32			1	4	1	64	0.5
573_14076		16	16		16	32			1	4	8	64	
573_14077	8		16		16	32			1	4		64	
573_14078	8	16	16		16	32			1	4	1	64	
573_14079	8		16		16	32			8	4	8	64	0.5
573_14080	8	16	16		16	32			1	4	1	64	
573_14081	32	16	16		16	32			1	4	8	64	
573_14082	8	16	4		16	32			1	4	1	8	
573_14083	8	16	16		16	32			1	4	1	64	
573_14084		16	16		16	32			8	4	8	64	
573_14085	8	16	16		16	32			8	4	8	64	
573_14086	8		16		16	32			1		1		
573_14087	8	16	16		16	32			1	4		64	
573_14088	8	1	16		16	32			1	4	1	64	
573_14089	8	1	16		16	32			1	4	1	64	
573_14090	32	16	16		16	32			8	4	8	64	
573_14091			16		16	32			8	4	8	64	
573_14092	8	16	8		16	32			1	4	1	64	0.5
573_14093	8	1	16		16	32			1	4	1	64	
573_14094	8	16	4		16	32			1	4	1	8	
573_14095	8	16			16	32			1	4	1		
573_14096	8		16		16	32			4	4		64	
573_14097		16	16		16	32			8	4	8	64	
573_14098			16		16	32			8	4	8	64	
573_14099	8	1	16		16	32			1	4	1	64	
573_14100	8	16	8		16	32			1	4	1		
573_14101	8	16	4		16	32			1	1	1	8	
573_14102	8	16			16	32			1	4	1	64	
573_14103	8	16	4		16	32			1	4	1	8	
573_14104	8	16	4			32			1	1	1	64	
573_14105		16	16		16	32			8	4	8	64	
573_14106	8	16	16		16	32			1	4	1	64	
573_14107	8	16	16		16	32			1	4	1	64	
573_14108	8	16	4		16	32			1	1	1	4	
573_14109	8	1	16		16	32			8	4	8	64	
573_14110		16	16		16	32			1	4	1	64	
573_14111	8	16	8		16	32			1	4	1	64	
573_14112	8	16	16		16	32			1	4	1	8	
573_14113	8		16		16	32			1	4	1	64	
573_14114	32	16	16		16	32			4	4	1	64	
573_14115	32	16	16		16	32			8	4		64	
573_14116	8	16	16		16	32			1	4	1	64	
573_14117	8	16	4			32			1	1	1	64	
573_14118		1	16		16	32			8	4	8	64	
573_14119	8	16	4		16	32			1	4	1	16	
573_14120	8		16		16	32			1		1		
573_14121	8	16	16		16	32			1	4	1	16	0.5
573_14122	32		8		16	32			1	4	1		
573_14123	8	16	16		16	32			1	4	1	64	
573_14124	8	16	8		16	32			1	4	1	64	0.5
573_14125	32	16	16		16	32			1	4	1	64	
573_14126	8		16		16	32			1	4		64	
573_14127	8	16	16		16	32			1	4	1	64	
573_14128		16	16		16	32			1	4	4	64	
573_14129	8	16			16	32			1	4	1		
573_14130	8	16	16		16	32			1	4	1	64	
573_14131	8	16	16		16	32			1	4	1	8	0.5
573_14132	8	16	8		16	32			1	4	1	64	0.5
573_14133	8		16		16	32			8	4	8	64	
573_14134	8	16	8		16	32			1	4	1	16	
573_14135			4		16	32			1	1	1	64	
573_14137	32	16	16		16	32			8	4	8	64	
573_14138	8		16		16	32			8	4	8	64	
573_14139	32	16	16		16	32			1	4	1	64	
573_14140	8		16		16	32			1	4	1	8	
573_14141	8	1	4		16				4	4	1	4	
573_14142	8		16		16	32			1	4	1	64	
573_14143	8	1	16		16	32			1	4	1	64	
573_14144	8	1	16		16	32			1	4		64	
573_14146	32	16	16		16	32			8	4	1	64	
573_14147	8	1	8		16	32			1	4	1	64	
573_14148	32	16	16		16	32			8	4	8	64	
573_14149	8				16	32			1	4	1		
573_14150	8	1	16		1				1	1	1	16	0.5
573_14151	8	16	4		16	32			1	4	1	16	
573_14152	8	1	16		16	32			1	4		64	
573_14153	32	16	16		16	32			8	4	8	64	
573_14154	8				16	32			1	4	1	64	0.5
573_14155	8	1	4		16	32			1	4	1	64	
573_14156	8		16		16	32			1	4	1	64	
573_14158		16	16		16	32			8	4	8	64	
573_14159	8	1	16		16	32			1	4	1	64	
573_14160	8	16	16		16	32			1	4	1		
573_14161	8	16	8		16	32			1	4	1	64	
573_14162	8	1	16		16	32			1	4	1	64	
573_14163	8		16		16	32			8	4	8	64	
573_14164	8	16	4		16	32			1	4	1		
573_14165	32	16	16		16	32			1	4		64	
573_14166	8	1	16		16	32			1	4	1	64	
573_14167	8	1	16		16	32			8	4	8	64	
573_14168	8	1	16		16	32			8	4	8	64	
573_14169	8	16	4		16	32			1	1	1		
573_14171	8	1	4						1	1	1	64	0.5
573_14172	8	1	16		16	32			1	4	1	64	
573_14173		1			16	32			1	4	1	64	
573_14174	8	1	16		16	32			1	4	1	64	
573_14175	32	16	16		16	32			8	4	1	64	
573_14176	8	1	16		16	32			1	4	1	64	
573_14177		16			16	32			1	4	1	64	
573_14178	32	16	16		16	32			8	4	1	64	
573_14179	8	16	16		16	32			1	4	8	64	0.5
573_14180			8		16	32			1	4	1	64	
573_14181	32	16	16		16	32			8	4	8	64	
573_14182		16			16	32			1	4	1	64	
573_14183			16		16	32			8	4	8	64	
573_14184		16	16		16	32			8	4	8	64	
573_14185	32		16		16	32			8	4	8	64	
573_14186		16	16		16	32				4	4	64	
573_14187		1	16		16	32			1	4		64	
573_14188	8	1	16		16	32			1	4	1	64	
573_14189	8	16			16	32			1	4	1	64	
573_14190	8	16	4		16	32			1	4	1	16	
573_14191	8	16	4		16	32			1	4	1	4	
573_14192	8	1	16		16	32			1	4	1	64	
573_14193			8		16	32			1	4	1	64	
573_14194	8		8		16	32			1	4	1	64	
573_14195	8		16		16	32			1	4	1	64	
573_14196	8	16	8		16	32			1	4	1	4	0.5
573_14197	8		16		16	32			8	4	8	64	
573_14198	8	16	4		2	32			1		1	4	
573_14199	8	16	16		16	32			1	4	1		
573_14200		16	16		16	32			8	4	8	64	
573_14201	8	1	4		1	32			1	1	1	4	
573_14202	8	1	16		16	32			1	4	1	64	
573_14203	8	16	4		16	32			1	4	1	16	
573_14205	8	16			2	32			1		1	16	
573_14206		1	16		16	32			8	4	8	64	
573_14207	8		16		16	32			1	4	1	64	
573_14208	8	16	4		16	32			1	4	1	16	
573_14209	8	16	16		16	32			1	4	1	64	
573_14210	8	16			16	32			8	4	1	64	
573_14211	8		4		16	32			1	4	1	4	
573_14212	8	1	16		16	32			1	4	4	64	
573_14213		1	8		16	32			1	4	1	64	
573_14215	8	16	8		16	32			1	4	1	8	0.5
573_14216		1	8		16	32			1	4	1	64	
573_14217		1	16		16	32				4	4	64	
573_14218	32	16			16	32			1	4	1	64	
573_14219	8	16	4		16	32			1	1	1	16	
573_14220	8	16	16		16	32			8	4	8	64	
573_14221		1	8		16	32			1	4	1	64	
573_14222	8	1	16		16	32			8	4	8	64	
573_14223			16		16	32			8	4	8	64	
573_14224		16	16		16	32			1	4	1	64	
573_14225	8				16	32			8	4	8	64	
573_14226		16	16		16	32			8	4		64	
573_14227	8	1	16		16	32			1	4	1	64	
573_14228		16	16		16	32			8	4	4	64	
573_14229	8		16		16	32			8	1	1	64	0.5
573_14230			16		16	32			1	4	1	64	
573_14232	8	1	16		16	32			1	4	1	64	
573_14233	32	16			16	32			1	4	1	64	
573_14234	8	1	16		16	32			8	4	8	64	
573_14235	8	16	4		16	32			1		1	16	
573_14236	8	1	16		16	32			8	4	8	64	
573_14238	8	16	16		16	32			8	4	8	64	
573_14239		16	16		16	32			8	4	8	64	
573_14240		16	16		16	32			8	4	8	64	
573_14241		16	16		16	32			1	4	1	64	
573_14242	32	16	16		16	32			8	4	8	64	
573_14243		16	16		16	32			8	4	8	64	
573_14244	8	16	8		16	32			1	4	1	64	
573_14245	8	16			16	32			1	4	1		
573_14246	8	16	16		16	32			8	4	8	64	
573_14247	8		16		16	32			8	4	8	64	
573_14248	8		16		16	32			1	4	1	64	
573_14249	8	16	4		16	32			1	4	1	64	
573_14250	32	16	16		16	32			8	4	8	64	
573_14251		16	16		16	32			8	4	8	64	
573_14252	8	1	16		16	32			8	4	8	64	
573_14253	8	16	16		16	32			1	4	1	64	
573_14254		16	16		16	32			4	4	4	64	
573_14255		16	16		16	32			8	4	8	64	
573_14256	32		16		16	32			4	4		64	0.5
573_14257	8	16	4		16	32			1	4	1		
573_14258	8	16	4		16	32			1	4	1		
573_14259	8	16	4		16	32			1	4	1	64	
573_14260		16	16		16	32			8	4	8	64	
573_14261			8		16	32			1	4	1	64	
573_14262	8	16	16		16	32			1	4		64	
573_14263	32	16	16		16	32			8	4	8	64	
573_14264	8	1	16		16	32			8	4	8	64	
573_14265			4		0.5				1	4	1	64	
573_14266	32	16	16		16	32			8	4	8	64	
573_14267	8		8		16	32			1	4	1		
573_14268	8	1	16		16	32			8	4	8	64	
573_14269	32	16	16		16	32			8	4	4	64	
573_14270	8	16	8		16	32			1	4	1		0.5
573_14271	8		4		16	32			1	4	1	8	
573_14272	8	1	16		1				1	4	1	16	
573_14273	8	16	16		16	32			1	4	1	64	
573_14274	8		16		16	32			1	4	1	64	
573_14275	8	16	16		16	32			1	4	1	64	
573_14276	32	1	16		16	32			8	4	8	64	
573_14277	8	16	4			32			1	1	1	16	
573_14278	8	16	16		16	32			1	4	1	64	
573_14279	8	16	8		16	32			1	4	1		
573_14280	8	16	16		16	32			4	4	4	64	
573_14281		16	16		16	32			8	4	8	64	
573_14282		1	16		16	32			1	4	1	64	
573_14283	32	16			16	32			1	4	1	64	
573_14284	8	16	16		16	32			8	4	8	64	
573_14285	8	1	16		16	32			1	4	1	64	
573_14286	8	1	16		16	32			1	4	4	64	
573_14287	8	1	8		16	32			1	4	1	64	
573_14288		16	4		16	32			1	4	1	64	0.5
573_14289		1	16		16	32			1	4	1	64	
573_14290	8	16	16		16	32			8	4	8	64	
573_14291	8	16			16	32			1	4	1	64	
573_14292	8	16	16		16	32			8	4	8	64	
573_14293			16		16	32			1	4	1	64	
573_14294	32	16	16		16	32			8	4	8	64	
573_14295	8	1	4		16	32			1	4	1	64	
573_14296	8	16	16		16	32			8	4	8	64	
573_14297	8	16	16		16	32			1	1	1		
573_14298	8	16	8		16	32			1	4	1		
573_14299		16	8		16	32			1	4	1	64	
573_14300	8	16	4		16	32			1	4	1		
573_14301	32		16		16	32			8	4	8	64	
573_14302	8	1	16		1				1	1	1	64	
573_14303	8	16	16		16	32			8	4	8	64	
573_14304	8	16	4		16	32			1		1		
573_14305	8	1	4		2				1	1	1	8	0.5
573_14306	32	16	16		16	32			8	4	8	64	
573_14307	8	16	16		16	32			1	4	1	64	
573_14308	32	16	16		16	32			1	4	4	64	
573_14309	8	1	16		1	4			1	1	1		0.5
573_14310	8	16	16		16	32			8	4	8	64	
573_14311	8	16	16		16	32			8	4	8	64	
573_14312		16			1				1	4	1	64	
573_14313		16	16		16	32			8	4	4	64	
573_14315		16	16		16	32			8	4	4	64	
573_14316	8	16	16		16	32			8	4	8	64	
573_14317		16	16		16	32			8	4	8	64	
573_14319	8	1	16		16	32			1	4	1	64	0.5
573_14320	8				16	32			1	4	1	64	
573_14321		16	16		16	32			8	4	8	64	
573_14322	8	16	16		16	32			1	4	1	64	0.5
573_14323					16	32			1	4	1		
573_14324	8		4		16	32			1	1	1	8	
573_14325		1	16		16	32			1	4	1	64	
573_14326	8		4		16	32			1	4	1		
573_14327	8	16	8		16	32			1	4	1	4	
573_14329		16	16		16	32			8	4	8	64	
573_14331	8	1	8		16	32			1	4	1	64	
573_14332	8	16	8		16	32			1	4	1		
573_14333	8	16			16	32			1	4	1	64	
573_14334	8	16	8		16	32			1	1	1	64	0.5
573_14335	8	16	16		16	32			1	4	1		
573_14336	8	16	16		16	32			1	4	1	64	0.5
573_14337	8	1			16	32			1	4	1	64	
573_14339	8		16		16	32			8	4	8	64	
573_14340	8	16	16		16	32			1	4	1		0.5
573_14341	8	1			16	32			1	4	1	16	
573_14342	8	16	16		16	32			8	4	8	64	
573_14343	8	16	8		16	32			1	4	1		
573_14344	8	16	4		16	32			1	1	1		
573_14345	8	16	16		16	32			1	4	1		
573_14346	8	1	16		16	32			1	4	1	64	
573_14347	8		16		16	32			1	4		64	
573_14348	8	16			16	32			1	4	1	64	
573_14349	8	16			16	32			1	4	1		
573_14350	8	16			16	32			1	4	1		
573_14351	8	1	16		16	32			1	4	1		
573_14352		1	16		16	32			8	4	8	64	
573_14353	32	16			16	32			8	4	8	64	
573_14354	32	16	16		16	32			8	4	8	64	
573_14355	8	1	16		16	32			1	4	1	64	
573_14356	8	16	16		16	32			1	4	1	64	
573_14357	8	16	16		16	32			8	4	8	64	
573_14358		16	16		16	32			1	4	1	64	
573_14359	8	16			16	32			1	4	1	8	
573_14360	8	16	16		16	32			8	4	8	64	
573_14361	8		16		16	32			1	4	1	64	
573_14362	8	16	16		16	32			8	4	8	64	
573_14363	8	16	4		16	32			1	1	1		
573_14364	32	16	16		16	32			8	4	8	64	
573_14365	8	1	16		0.5				1	1	1	16	0.5
573_14366	8	16	8		16	32			1	4	1	4	
573_14367	8	16	16		16	32			1	4	1		0.5
573_14368	32	16	16		16	32			8	4	8	64	
573_14369	8	1	4		16	8			1	4	1		0.5
573_14371	32	16	16		16	32			8	4	4	64	
573_14372	8	16	8		16	32			1	4	1	4	
573_14373		16	8		16	32			1	4	1	64	
573_14375	8	16	16		16	32				4			
573_14376	8		4		16	32			1	1	1	4	0.5
573_14377	8	1	16		16	32			8	4	8	64	
573_14378	32	1	16		16	32			8	4	8	64	
573_14379	8	16			16	32			1	4	1		
573_14380	8	1	16		16	32			1	4	1	64	
573_14381	8	16	8		16	32			1	4	1		
573_14382		16	16		16	32			8	4	8	64	
573_14383	8	16			16	32			1	4	1	16	0.5
573_14384	8	1			16	32			1	4	1	64	
573_14385		16	16		16	32			8	4	8	64	
573_14386	8				16	16			1	4	1		
573_14388		16	16		16	32			8	4	8	64	
573_14389	8	1	16		16	32			1	4	1	64	
573_14390		16	16		16	32			8	4		64	
573_14391	8	16	16		16	32			1	4	1	64	
573_14392	8	16	4		16	32			1	4	1	4	
573_14393	8	16	16		16	32			8	4	8	64	
573_14394		16	16		16	32			8	4	8	64	
573_14395	8				16	32			1	4	1	64	
573_14396	8				16	16			1	4	1		
573_14397	8	16	4		16	32			1	1	1	8	
573_14398	8	16	4		16	32			1	4	1	8	0.5
573_14399	8		16		16	32			8	4	8	64	
573_14400			8		16	32			1	4	1	64	
573_14401		16	16		16	32			8	4	8	64	
573_14402	8	16	4		16	32			1	1	1		
573_14403		1	8		16	32			1	4	1	64	
573_14404	8	16	8		16	32			1	4	1	64	0.5
573_14405	8	16	16		16	32			1	4	1		
573_14406	8		16		16	32			8	4	8	64	
573_14407	8	16	16		16	32			8	4	8	64	
573_14408	8	16	4		16	32			1	1	1	16	
573_14409			4		16	32			1	4	1	4	
573_14411	8	16	4		4	32			1	1	1	4	
573_14412	8	1	16		16	32			1	4	1	64	
573_14413	8	16	4		16	32			1	4	1	64	0.5
573_14415	8	16			16	32			1	4	1		
573_14416	8	16	16		16	32			1	4	1		
573_14417		16	16		16	32			8	4	8	64	
573_14418		1	16		16	32			8	4	8	64	
573_14419	8	1	16		16	32			4	4	8	64	
573_14420	8	1	16		16	4			1	1	1	64	0.5
573_14421	8	16	4		16	32			1	4	1		
573_14422	8	1	16		16	32			8	4	8	64	
573_14423	8	16	4		16	32			1	1	1		
573_14424	8	16	4		16	32			1	4	1	16	
573_14425			8		16	16			1	4	1	8	
573_14426	8	1	16		16	32			8	4	8	64	
573_14427	8	16	4		16	32			1	1	1	16	
573_14428	8	16			16	32			8	1	8	64	0.5
573_14429	8		4			32			1	1	1	16	
573_14430	8	16	16		16	32			8	4	8	64	
573_14431	8	16	16		16	32			8		8	64	
573_14432	8	16	8		16	32			1	4	1	64	
573_14433	8	1	16		16	32			8	4	8	64	
573_14434	32	16	16		16	32			1	4	4	64	
573_14435	8	16			16	32			4	1	1	64	
573_14436	8	16			16	32			1	4	1	64	
573_14437	8	16	16		16	32			8	4	8	64	
573_14438	8	1	16		16	32			8	4	8	64	
573_14439		16			16	32			1	4	1	64	
573_14440	8		4		16	32			1	1	1	4	0.5
573_14441	32		8		16	32			1	4	1		
573_14442	8	1	16		16	32			8	4	8	64	
573_14443	8	16	4		16	32			1	1	1	8	
573_14444		16			16	32			1	4	1	64	
573_14445	8	16	4		16	32			1	1	1	16	
573_14446	8	1	16		16	32			8	4	8	64	
573_14447	8		16		16	32			8	4	8	64	
573_14448	8	1			16	32			1	4	1		
573_14449			16		16	32			1	4	1	64	
573_14450	8	16	16		16	32			1	4	1	16	0.5
573_14451	32		8		16	32			1	4	1		
573_14452	8	1	16		16	32			8	4	8	64	
573_14453	8	1	4		0.5				1	4	1	2	
573_14454	8		4		1	32			1	1	1	8	0.5
573_14455	8	16	16		16	32			8	4	8	64	
573_14456	8	16	16		16	32			8	4	8	64	
573_14457	8	16	16		16	32			8	4	8	64	
573_14458		16	16		16	32			1	4	1	64	
573_14459	8	1	16		16	32			1	4	1	64	
573_14460	8	1	16		16	32			8	4	8	64	
573_14461	8		4		16	32			1	4	1		
573_14462	32		8		16	16			1	4	1	8	
573_14463	8		8			32			1	1	1	64	0.5
573_14464	8	16	16		16	32			1	4	1	64	
573_14465	32	16	16		16	32			8	4	8	64	
573_14466	32		8		16	32			1	4	1		
573_14467	8	1			16	32			1	4	1		
573_14468	8	16	8		16	32			1	4	1		
573_14469		16	16		16	32			8	4	8	64	
573_14470	8		16		16	32			1	4	1	64	
573_14471	8	1	16		16	32			8	4	8	64	
573_14472	8	16	16		16	32			8	4	8	64	
573_14473	8	16	8		16	32			1	4	1	64	
573_14474	8	16	4		16	32			1	4	1	8	0.5
573_14475		16	16		16	32			8	4	8	64	0.5
573_14477	32	16	16		16	32				4	4	64	
573_14478	8	1	16		16	32			1	4	1	64	
573_14479	8		4		1	32			1	1	1	8	
573_14480		16	16		16	32			8	4	8	64	
573_14481	8	16	4		16	32			1	4	1		
573_14482	8		4		16	32			1	4	1	8	0.5
573_14483			16		16	32			8	4	8	64	0.5
573_14484	8		16		16	32			1	4	1	64	
573_14485		16	16		16	32			8	4	8	64	
573_14486			16		16	32			1	4	1	64	
573_14487	8		4		16	32			1	4	1	8	0.5
573_14488	8	1	4		16	32			1	4	1	8	0.5
573_14489	8	16	8		16	32			1	4	1	16	0.5
573_14490	8	16	8		16	32			1	4	1	8	
573_14491		16			16	32			1	4	1	64	
573_14492	8	1	16		16	32			8	4	8	64	
573_14493	8	1	4		4				1	1	1	64	0.5
573_14494	8	1	16		16	32			1	4	1	64	
573_14495	8	16	8		16	32			1	4	1	64	0.5
573_14496		1	4		16				1	4	1	64	
573_14497	8	16	16		16	32			8	4	8	64	
573_14498	32	16	16		16	32			8	4	8	64	
573_14499	8		8		16	32			1	1	1	64	
573_14500	8	16	16		16	32			8	4	8	64	
573_14501	8	1			16	32			8	4	8	64	
573_14502	8		16		16	32			8	4	8	64	
573_14503	8				16	32			8	4	1	64	
573_14504	8	1	8		16	32			1	4	1	64	
573_14505	8	16	4		16	32			1	1	1	16	
573_14506	8		16			32			8	4	8		
573_14507		16	16		16	32			8	4	8	64	
573_14508	8		4		16	32			1	4	1	64	
573_14509	32	16	16		16	32			8	4	8	64	
573_14510	8	16	4		16	32			1	1	1	16	
573_14511	8		4			32			1	4	1	4	0.5
573_14512			16		16	32			8	4	8	64	
573_14513	8	1	16		16	32			8	4	8	64	
573_14514	8	16	4		16	32			1	1	1		
573_14515	8	16	4		16	32			1	1	1		
573_14516		16	16		16	32			8	4	8	64	
573_14517	8	16	16		16	32			8	4	8	64	
573_14518	8	16	4		16	32			1	1	1		
573_14519	8	16	4		16	32			1	4	1	64	0.5
573_14520	8	1	16		16	32			8	4	8	64	
573_14521	8	1	16		16	32			8	4	8	64	
573_14522	8	16	4		16	32			1	4	1	64	0.5
573_14524			8		16	32			1	4	1	64	0.5
573_14525	8	16	16		16	32			1	4	1	64	
573_14526	8		16		16	32			8	4	8	64	
573_14527	8	16	4		16	32			1	1	1	64	
573_14528	8	1	16		16	32			8	4	8	64	
573_14529	8	16	16		16	32			1	4	1	64	
573_14530	8	16	16		16	32			8	4	8	64	
573_14531			8		16	32			1	4	1	64	
573_14532	8	16	8		16	32			1	4	1	16	
573_14533		1	8		16	32			1	4	1	64	
573_14534	8	16	4		16	32			1	4	1	8	
573_14535	8	16	4		16	32			1	4	1	64	
573_14536	32		8		16	32			1	4	1	64	0.5
573_14537		16	16		16	32			8	4	8	64	0.5
573_14538	8	1			16	32			1	4	1	64	
573_14539	8	16	16		16	32			1	4	1		
573_14540		1	16		16	32			8	4	8	64	
573_14541	8	16	16		16	32			1	4	1	64	
573_14542		16	16		16	32			8	4	8	64	
573_14543	8	16	4		16	32			1	4	1	16	0.5
573_14544	8	16	4		16	32			1	1	1		
573_14545		16	16		16	32			8	4	4	64	
573_14546	8	16	4		16	32			1	1	1	8	
573_14547		16	16		16	32			8	4	8	64	
573_14548	8	16	4		16	32			1	4	1	64	0.5
573_14549	8		16		16	32			8	4	8	64	0.5
573_14550	8	16	4		16	32			1	1	1	64	
573_15042	1	32	16		128	32		8	16	8	8	128	8
573_15043		32	16		128	32		8	8	8	8	128	8
573_15044		32	32		64	32		16		8	4	128	8
573_15107		32	32		256	64		16	8	8			8
573_15217		32	32		128	64		8	16	8	8	128	8
573_15420		32	32		128	64		8	16	8	8	128	8
573_1719					8		4		8		8		
573_1720					8		1		8		8		
573_1721					8				8		12		
573_1722					16		0.125		32	4	32		
573_1723	64				16			32	8	4	32		
573_1724					16				32	4	32		
573_1725	64				16				8	4			
573_1726	1				8		8	32	32		32		
573_1727	1				8		8	32	32		32		
573_1728	1				8		8	32	32		32		
573_1729	1				8		8	32	32		32		
573_1730	1				8		8	32	32		32		
573_1731	1				8		8	32	32		32		
573_1732	1				8		8	32	32		32		
573_1733					8		4		8		8		
573_1734					8		4		8		8		
573_17914		32	16	1	128	32		8	16	8	8	128	8
573_17915		32	16	1	128	32		8	16	8	8	128	8
573_18086	4	32		2	128	32		0.25	0.5	8	0.125	128	8
573_18087		32	16	4	128	32		8	64	8	8	128	8
573_18472	2		4		16	64				0.125	0.25	16	16
573_18476	6				32	32	2	4	0.5			256	32
573_18477	32				256	32	2	32	32	32	32	256	32
573_18541	2		64			64	4	8	16	8			
573_18542	1	32	16		128	32		0.25	0.5	8	0.125	128	0.5
573_18680		32	16	1	128	32		8	16	8	8	128	8
573_19877		32	16	16	128	32		8	16	8	8	128	
573_20059	8	32	16		128	32			4	0.5	4	128	8
573_20060		32	32		256	32		4	8	8	8	128	8
573_20061	1		16		1			8	4	0.125	8	128	0.5
573_20064	8	32	16		128	32		8		8	8	128	8
573_24243	64	32				32		8	64	8	8		8
573_24245												128	16
573_24246	2		64		4	16		4			0.5		16
573_24247	64	32				32		8	64	8	8		8
573_24255	2	1	4		1	1				0.125	0.25	4	
573_24256	64	32				32		8	64	8	8		8
573_24258	1	32				32		8	8	8	8		
573_24259		1	4		64	8					0.25		16
573_24260	64	32				32		8		8	4		8
573_24261	1	32				32		8	8	8	8		0.25
573_24262	4		64		64	64				8		128	16
573_24263	64	32	8			32		2		8	0.25		
573_24264			64		64	64				8	8	128	16
573_24266	2		4		16	64				1	0.25	4	
573_24267												128	4
573_24268	2		4		64	64				1	0.25	8	16
573_24269	1							8	4	0.125	8		0.5
573_24270		1	8		64	8				8	0.25		16
573_24271	64	32				32		8	4	8	8		8
573_24272	1	32				32		8		8			8
573_24273	2	1	8		4	8				8	0.25		16
573_24274	8	32				32		8	4	8	8		0.5
573_24275	2		8		64	32				8	0.25		
573_24276	8	32				32		8	32	8	8		0.5
573_24277	64	32				32		8		8	4		8
573_24278	8	32				32		8	8	8	8		0.5
573_24279	2		4		16	64				1	0.25	4	16
573_24280	1	32				32		8	1	8	4		8
573_24281	2		4		16	64				1	0.25	16	16
573_24282	4		4		16	64				1	0.25	16	16
573_24283	2		32		64	16				8	0.25	128	
573_24284	8		4			64				1	0.25	16	16
573_24285	4		4		4	64				1	0.25	8	16
573_24286	64		64		64	16				8	0.25	128	16
573_24287			4		4	64					0.25	8	16
573_24288	2		64		64	64				8	8	128	16
573_24289	2		64		64	64				8	8	128	16
573_24291			64		64	64				8		128	16
573_24292	8		32		16	64				8	0.25		16
573_24293	2		4		16	64				8	0.25	16	16
573_24294	4				64	64				8	0.25		16
573_24295	8				32	64				8	0.25	16	
573_24296		1	4		1	64				1	0.25	4	16
573_24297	64	32				32		8	4				8
573_24298			4		64	32				8	0.25	128	16
573_24299	2	1	4		16	64				0.125	0.25		
573_24300			4		64	32				8	0.25	128	16
573_24301	64		8		64	64				8	0.25	128	16
573_24302	2		4		16	64				0.125	0.25	8	
573_24303	8		64		64	64					4	128	16
573_24304			64		64	64				8	1	128	16
573_24307	2		64		64	64				8		128	16
573_24310	64	32				32		8					8
573_24312	64		64		64	64				8	1	128	
573_24314												128	
573_24315		32				32		8	4	8	8		0.5
573_24316	64	32				32		8	64	8	8		8
573_24317	2	16	32		64	64				8		128	16
573_24319	32				16	32		4	4	4		64	
573_24322					16	32		4	16	4		64	
573_24324					16	32		4	16	4		64	
573_24325					16	32		4	16	4		64	
573_24326		32	32		128	32		8	8	8	8	128	8
573_24327		32	32		128	32		8	8	8	8	128	0.5
573_24328	1		32		64	32		8	4	8	8	128	8
573_24329	1	32	32		128	32		8	8	8	4	128	8
573_24330	64	32	32		128	32		8	1	8		128	8
573_24331		32	32		64	32		8	16	8	8	128	8
573_24332	2	32			64	32		8	4	8	4	128	8
573_24333		32	32		128	32		8	16	8	8	128	8
573_24335		32	32		64	32		8	16	8	8	128	8
573_24336	8	32	32		128	32		8	16	8	8	128	8
573_24338	1	32	32		128	32		8	16	8	8	128	2
573_24339	8	32	32		128	32		8	32	8	8	128	8
573_24340	64	32	32		128	32		8	64	8	8	128	8
573_24341	1	32	32		128	32		8	64	8	8	128	8
573_24343	64	32	32		128	32		8	64	8	8	128	8
573_24344	1	32	32		128	32		8	32	8	8	128	8
573_24345		32	32		128	32		8	16	8	8	128	8
573_24346		32	32		128	32		8	16	8	8	128	
573_24347		32	32		128	32		8	8	8	8	128	8
573_24348	1				64	32		8	4		8	128	8
573_24349	4	32	32		128	32		8	0.5	8		128	8
573_24350	8	32	32		128	32		8	8	8	8	128	8
573_24351	1	32	32		128	32		8	8	8	8	128	8
573_24352		32	32		128	32		8	8	8	8	128	8
573_24353	1	32	8		64	32		8	8	1	8	128	8
573_24354	2	32	32		128	32		8	4	4	4	128	8
573_24355		32	32		128	32		8	16	8	8	128	8
573_24356		32	32		128	32		8	64	8	8	128	8
573_24357	1	32	32		128	32		8	64	8	8	128	8
573_24358		32	32		128	32		8	16	8	8	128	8
573_24359		32	32		128	32		8	16	8	8	128	
573_24360		32	32		64	32		8	16	8	8	128	8
573_24361	1		32		128	32		4	4		4	128	0.5
573_24362	2	32	4		128	32		4	4	8		128	8
573_24363	2	32	32		128	32		8	64	8	8	128	8
573_24364			32		128	32		8	8	8	8	128	8
573_24365	4		32		128	32		4	4	8	8	128	8
573_24366		32	32		128	32		8	64	8	8	128	8
573_24367	1		32		64	32		8	4	8	8	128	8
573_24368		32	32		128	32		8	64	8	8	128	0.5
573_24369	1	32	32		128	32		4	0.5	8	1	128	4
573_24370		32	32		128	32		8	8	8	8	128	8
573_24371	64	1	32		64	4		8	8	8			8
573_24372		32	32		64	32		8	16	8	8	128	8
573_24373	4	32	32		128	32		8	64	8	8	128	
573_24374		32	32		128	32		8	16	8	8	128	4
573_24375		32	32		128	32		8	64	8	8	128	8
573_24376	1	32	32		128	32		8	8	0.25	8	128	0.5
573_24377	2	32	32		64	32				8	0.125		4
573_24378		32	32		128	32		8	32	8	8	128	8
573_24379		32	32		128	32		8	16	8	8	128	8
573_24380		1	32		4	1		0.125	0.5	8	0.125	128	8
573_24381	1	0.5			32	8		0.125	0.5		0.125	8	0.5
573_24382		32	32		128	32		8	16	8	8	128	
573_24383		32	32		128	32		0.25	1	8	0.125	128	8
573_24385	8		32		128	32		8	8	8	8	128	8
573_24386	1	0.5	8		64	4		0.125	0.5	8	0.125	8	
573_24387	4	32	32		128	32		8	64	8	8	128	8
573_24388	1	32	32		128	32		0.25	0.5	8	0.125	128	0.25
573_24389		32	32		128	32		8	16	8	8	128	8
573_24390	8				128	32		8	8	8	8	128	8
573_24391	1	32	32		64	32		8	4	8	8	128	8
573_24392	1	32	32		128	32		8	8	8	8	128	8
573_24393	1	32	32		128	32		8	64	8	8	128	8
573_24394	2	32	32		128	32		8	4	8	8	128	8
573_24395	1	32	32		128	32		8	4	1	4	128	0.5
573_24396	1	32	32		128	32		8	16	8	8	128	
573_24397	2				16	32		8	4	0.25	4	128	2
573_24398		32	32		128	32		8	16	8	8	128	8
573_24399		32	32		128	32		8	64	8	8	128	8
573_24401		32	32		128	32		8	64	8	8	128	8
573_24402	2	32	32		128	32		8	32	8	8	128	8
573_24403		32	32		128	32		8	64	8	8	128	8
573_24404	1	32	32		128	32		8	64	8	8	128	8
573_24405		32	32		128	32		8	8	8	8	128	8
573_24406		32	32		128	32		8	16	8	8	128	8
573_24407	1	32	32		128	32		8	16	8	8	128	2
573_24408	2		32		128	32		8	4	8	8	128	8
573_24409		32	32		128	32		8	64	8	8	128	
573_24410		32	32		128	32		8	64	8	8	128	8
573_24411	4	32	32		128	32		8	4	8	8	128	8
573_24412		32	32		128	32		8	16	8	8	128	8
573_24413	64	32			128	32		4	8	8	4	128	8
573_24414		32	32		64	32		8	16	8	8	128	8
573_24415			32		128	32		8	4	8	8	128	8
573_24416		32	32		128	32		8	32	8	8	128	8
573_24417			32		128	32		4	4	8	4	128	
573_24418	8		32		128	32		4	8	8	4	128	2
573_24419	8	32			128	32		8	4		8	128	8
573_24420	1	32	32		128	32		8	16	8	8	128	8
573_24421		32	32		128	32		8	64	8	8	128	8
573_24422		32	32		128	32		8	8	8	8	128	
573_24423		32	32		128	32		8	64	8	8	128	4
573_24424		32	32		128	32		8	64	8	8	128	8
573_24425		32	32		128	32		8	32	8	8	128	0.25
573_24426		32	32		128	32		8	16	8	8	128	8
573_24427	1		32		32	32		8	8	8	8	128	8
573_24428	64	32	32		128	32		8	8	8	8	128	8
573_24429	8	32	32		128	32		8	1	8		128	8
573_24430	8		32		128	32		8	16	8	8	128	8
573_24431	4	32	32		128	32		8	8	8	4	128	8
573_24432		32	32		128	32		8	8	8	8	128	8
573_24433	1	32	32		128	32		8	64	8	8	128	8
573_24434		32	32		128	32		8	64	8	8	128	8
573_24435	64	32	32		128	32		8	16	8	8	128	8
573_24436		32	32		128	32		8	8	8	8	128	
573_24437		32	32		128	32		8	64	8	8	128	8
573_24438		32	32		128	32		8	8	8	8	128	8
573_24439	1	32	32		128	32		8	64	8	8	128	8
573_24440		32	32		128	32		8	64	8	8	128	8
573_24442	1	32	32		64	32		8	0.5	8		128	8
573_24443	1	32	32		128	32		8	4	8	4	128	8
573_24444	8	32	32		128	32		8	16	8	8	128	8
573_24445		32	32		128	32		8	16	8	8	128	8
573_24446	4	32	32		128	32		8	1	8		128	8
573_24447	1	32	32		128	32		8	64	8	8	128	8
573_24448	8	32			128	32		8	4	8	4	128	8
573_24449	8	32	32		128	32		8	16	0.125	8	128	
573_24450		32	32		128	32		8	64	8	8	128	8
573_24451		32	32		128	32		8	64	8	8	128	8
573_24452	64	32	32		128	32		8	16	8	8	128	8
573_24453		32	32		128	32		8	64	8	8	128	8
573_24454	64	32	32		128	32		8	16	8	8	128	4
573_24455		32	32		128	32		8	64	8	8	128	8
573_25568		16	32		64		0.25		8		4	128	64
573_25569	8		64		64		0.5		32		8	128	64
573_25927	1			0.5	1	32		2		0.125		128	0.5
573_29861	32			1			1		8		32		4
573_29862	32			1			1		8		128		4
573_29863	32			1			4		8		128		
573_29864				4			1		8		128		4
573_29865				1			1		8		128		4
573_29866	4			1			1		8		128		
573_29867	32			2			2		8		128		4
573_29868	32			1			1		8		128		
573_29869				1			1		8		64		4
573_29870	32			1			4		8		128		4
573_29871				1			1		8		128		4
573_29872				1			1		8		128		
573_29873	32			1			1		8		128		4
573_29874	4			1			1		8				4
573_29875	32			1			1		8		128		
573_29876	4			1			8		8				4
573_29877				1			8		8		128		4
573_29878	4			1			1		8		64		
573_29879	4			1			1		2.0				
573_29880	4			1			8		8		32		4
573_29881	4			1			8		8				4
573_29882	4			1			1		8				4
573_29883	4			1			1		8		32		
573_29884	4			1			1		8				4
573_29885	4			1			1		8				4
573_29886				1			1		8		64		
573_29887				2			1		8				
573_29888				2			8		8		128		4
573_29889	4			2			1		8		32		4
573_29890	4			1			8		8		32		4
573_29891	4			1			8		8				4
573_29892	4			2			1		8		32		
573_29893				8			8		8		128		
573_29894	4			1			1		8				4
573_29895	4			1			1		8				
573_29896				1			1		8		64		4
573_29897				1			1		8		128		
573_29898				1			1		8		32		4
573_29899				1			8		8		128		4
573_29900	4			1			1		8				
573_29901	4			1			8		8		128		
573_29902	8			1			8		8		64		
573_29903				4			4		8		128		4
573_29904				8			8		8		32		
573_29905	32			2			8		8		128		
573_29906				1			1		8		32		4
573_29907	4			1			2		8		128		4
573_29908				1			1		8		64		4
573_29909				1			1		8		128		4
573_29910				1			8		8		128		4
573_29911	8			1			1		8		64		4
573_29912	8			1			1		8		128		4
573_29913				1			1		8		64		4
573_29914	8			1			1		8		128		
573_29915	4			1			8		8		128		
573_29916	32			4			8		8		128		
573_29917				1			1		8		64		4
573_29918	4			1			1						4
573_29919	32			1			8		8		128		4
573_29920	4			1			8		8		32		4
573_29921	4			1			1		8				
573_29922				1			1		8		128		4
573_29923	4			1			8		8		32		4
573_29924	4			1			4		8		64		4
573_29925	32			1			1		8		128		4
573_29926				4			1		8		128		4
573_29927	4			1			1		8				4
573_29928				1			1		8		128		4
573_29929				1			8		8		128		4
573_29930				1			8		8		64		4
573_29931				1			1		8		128		4
573_29932	4			1			1		8		64		
573_29933	32			1			8		8		128		4
573_29934				1			8		8		64		
573_29935	32			1			1		8		64		4
573_29936	32			1			1		8				4
573_29937	4			1			8		8				4
573_29938	32			1			8		8		64		4
573_29939	4			4			1		8		64		
573_29940	4			1			4		8		128		4
573_29941	32			1			1		8		32		4
573_29942	4			1			1		8				
573_29943	8			2			8		8		128		4
573_29944	8			1			2		8		128		4
573_29945	4			1			1		8				4
573_29946				2			1		8				4
573_29947	4			1			1		8				4
573_29948	32			2			1		8		128		4
573_29949	4			1			8		8		128		4
573_29950	4			1			8		8				4
573_29951	8			1			8		8		128		4
573_29952				1			8		8		128		4
573_29953	4			1			1						4
573_29954	8			2			8		8		128		4
573_29955	8			1			1		8		128		4
573_29956	4			16			1		1				4
573_29957	4			1			8		8		32		4
573_29958	4			1			8		8		32		4
573_29960	4			16			1		1				4
573_29961	32			2			8		8		32		
573_29962	4			2			8		8				4
573_29963	4			1			1		8				4
573_29964	4			4			1		8		64		
573_29965	32			1			8		8		64		4
573_29966	8			2			1		8		128		4
573_29967	4			1			2		8		128		
573_29968				2			8		8		128		4
573_29969	32			1			8		8		64		4
573_29970	4			1			1		8				
573_29971	4			1			1		8				4
573_29972	32			16			1		8		128		4
573_29974	32			1			8		8		128		4
573_29975	4			1			1		8		128		
573_29976	8			2			8		8		128		4
573_29977	32			1			1		8		64		4
573_29978				1			1		8				4
573_29979				1			8		8		128		4
573_29980	32			1			2		8		128		4
573_29981				1			8		8		128		4
573_29982	32			1			8		8		128		4
573_29983	4			1			1		8		128		
573_29984				1			1		8		128		4
573_29985	32			1			1		8		64		
573_29986	4			1			1		8				4
573_29987				1			1		8		128		4
573_29988				1			8		8		128		4
573_29989	4			1			1		8				4
573_29990				2			8		8		128		4
573_29991	4			1			8		8		128		4
573_29992	32			1			4		8		32		
573_29993				1			1		8				4
573_29994	32			1			8		8		128		4
573_29995	4			1			1		8				
573_29996	32			1			4		8		32		
573_29997				1			1		8		64		4
573_29998	32			1			1		8		128		4
573_29999	4			1			1		8				4
573_30000	4			1			1		8		64		4
573_30001	32			2			8		8				
573_30002	4			1			1		8				4
573_30003	4			1			1		8				4
573_30004	32			1			1		8		32		4
573_30005	32			1			1		8		128		4
573_30006				1			1		8		128		4
573_30007	32			1			8		8		128		4
573_30008	32			1			4		8				
573_30009	32			1			4		8		32		4
573_30010	32			1			2		8		128		
573_30011				1			8		8		128		4
573_30012	32			1			4		8		128		
573_30013	32			1			1		8		32		4
573_30014	4			1			8		8		32		4
573_30015				1			2		8		128		
573_30016	4			1			1		8				
573_30017	32			1			4		8		128		
573_46829	32	16		32	64	4	0.5	2		8	64	128	8
573_46831	4	16		32	64	4	0.5	2		8	32	128	8
573_46832	32	16		32	64	4	0.5	2		8	64	128	8
573_46833	32	16		32	64	4	0.5	2		8	64	128	8
573_46834	2	16		32	64	4	0.5	2		8	64	128	
573_46835	32	16		32	64	4	0.5	2		8	64	128	8
573_46836	32	16		32	64	4	8	2		8	64	128	8
573_46837	4	16		32	64	4	0.5	2		8	64	128	8
573_46838	32	16		32	64	4	0.5	2		8	64	128	8
573_46839	8	16		32	64	4	1	2		8	64	128	8
573_46840	32	16		32	64	4	0.5	2		8	64	128	8
573_46841	32	16		32	64	4	0.5	2		8	64	128	8
573_46842	32	16		32	64	4	8	2		8	64	128	8
573_46843	32	16		32	64	4	0.5	2		8	64	128	8
573_46844	32	16		32	64	4	0.5	2		8	64	128	8
573_46845	32	16		32	64	4	0.5	2		8	64	128	8
573_46846	32	16		32	64	4	0.5	2		8	64	128	8
573_46847	32	16		32	64	4	1	2		8	64	128	8
573_46848	32	16		32	64	4	0.5	2		8	64	128	8
573_46849	32	16		32	64	4	0.5	2		8	64	128	8
573_46850	32	16		32	64	4	8			8	64	128	8
573_46851	32	16		32	64	4	1	2		8	64	128	8
573_46852	32	16		32	64	4	0.5	2		8	64	128	8
573_46853	32	16		32	64	4	0.5	2		8	64	128	8
573_46854	32	16		32	64	4	0.5	2		8	64	128	8
573_46855	32	16		32	64	4	0.5	2		8	64	128	8
573_46856	32	16		32	64	4	0.5	2		8	32	128	8
573_46857	32	16		32	64	4	1			8		128	8
573_46858	32	16		32	64	4	1	2		8	32	128	8
573_46859	32	16		32	64	4	0.5	2		8	64	128	8
573_46860	32	16		32	64	4	1	2		8	64	128	8
573_46861	32	16		32	64	4	0.5	2		8	64	128	8
573_46862	32	16		32	64	4	0.5	2		8	64	128	8
573_46863	32	16		32	64	4	0.5	2		8	32	128	8
573_46864	32	16		32	64	4	1	2		8	64	128	8
573_46865	32	16		32	64	4	1	2		8	64	128	8
573_46866	32	16		32	64	4	1	2		8	64	128	8
573_46867	32	16		32	64	4	0.5	2		8	64	128	8
573_46868	32	16		32	64	4	1	2		8	32	128	8
573_46869	32	16		32	64	4	0.5	2		8	64	128	8
573_46870	32	16		32	64	4	0.5	2		8	64	128	8
573_46871	32	16		32	64	4	0.5	2		8	32	128	8
573_46872	32	16		32	64	4	1	2		8	32	128	8
573_46873	32	16		32	64	4	0.5	2		8	64	128	8
573_46874	32	16		32	64	4	1	2		8	32	128	8
573_46875	8	16		32	64	4	1	2		8	64	128	8
573_46876	32	16		32	64	4	2	2		8	64	128	8
573_46877	32	16		32	64	4	0.5	2		8	64	128	8
573_5623			64		64		64		64		32	128	64
573_5638	1		64		64		64		64		32	128	64
573_5644			64		64		16		32		4	128	64
573_5649	4	32	32			32		4	4	8	4		8
573_5658	2		4		16						0.25		
573_5661	2				1						0.25		
573_5663	2	16	8		64						0.25	128	
573_5665	2		4		16						0.25	128	
573_5672	4		8		64						0.25	128	
573_5673	2		4		16						0.25	4	
573_5676	2	1	4		64						0.25	4	
573_5677	2		4		64						0.25		
573_5678	2		4		64						0.25	128	
573_5679	2		4		16						0.25	128	
573_5681	2		4		64						0.25	128	
573_5682	2		64		64						0.25	128	
573_5683	2	1	4		1						0.25	4	
573_5684	2	1	4								0.25	32	
573_5687	32		4		64						0.25	128	
573_5690	2		4		16						0.25		
573_5691	2	1	4		1						0.25	4	
573_5692	2	16	4		64						0.25	128	
573_5694	2	1	4		8						0.25	4	
573_5695	2		4		16						0.25		
573_5697	32		4		64						0.25	128	
573_5700	32		8		64						0.25	128	
573_5701	2		8		16						0.25	32	
573_5702	2	1	4		16						0.25	4	
573_5705	2				64						0.25	32	
573_5706	2	1	4		64						0.25	32	
573_5707	2	1	64		8						0.25	8	
573_5710	4		4		8						0.25	32	
573_5711	2	1	4		16						0.25	4	
573_5712	2		4		64						0.25	8	
573_5717	2	1	64		16						0.25		
573_5722	2	1	64		16						0.25		
573_5724	2	1	4		16						0.25	4	
573_5726	2	1	4								0.25	32	
573_5763			64		64		64		16		8	128	64
573_5764			64		64		16		64		32	128	64
573_5765		16	64		64		0.25		16		8	128	64
573_5767	64		64		64		64		64		32	128	64
573_5768			64		64		64		32		8	128	64
573_5769	64		32		64		64		4		4	128	64
573_5777			64		64		32		64		32	128	64
573_5778	64	16	64		64		0.125		8		8	128	64
573_5779			64		64		64		64		32	128	64
573_5780			64		64		16		16		4	128	64
573_5781			64		64		64		64		32	128	64
573_5793	4		4		16						0.25		
573_5794	8		64		64						0.25	128	
573_5795	2		4		16						0.25		
573_5796	2	1			64						0.25	128	
573_5797	2	16	4		64						0.25	128	
573_5798	64		8		64						0.25	128	
573_5799	2	1	8		64						0.25		
573_5800	2				64						0.25	128	
573_5801	2		64		64						0.25	64	
573_5803	2		4		8						0.25		
573_5804	2	1	4		64						0.25	4	
573_5805	2	16	64		64						0.25	32	
573_5806	2		4		16						0.25		
573_5807	2		8		64						0.25	32	
573_5808	2		4		64						0.25	128	
573_5809	2		4		16						0.25	4	
573_5810	2	1	4		16						0.25		
573_5812	2		4		16						0.25		
573_5813	2		4		64						0.25	8	
573_5814	2		4		16						0.25	4	
573_5815	2		4		64						0.25	128	
573_5816	2		4		16						0.25		
573_5817	2		4		64						0.25	128	
573_5818	2		4		16						0.25		
573_5819	2		4		16						0.25		
573_5820	2		4		16						0.25		
573_5821	2	1	64		16						0.25		
573_5822	2	1	64		16						0.25		
573_5825	2	1	64		16						0.25		
573_5826	2	1	64		16						0.25		
573_5827	2	1	4		16						0.25	4	
573_5828	2	1	4		1						0.25	4	
573_7022	2	32	16		128	32		8	1	8		128	8
573_7023	1	32	16		128	32		8	0.5			128	0.5
573_7024		32	16		128	32			0.5	8	0.25	128	8
573_7025	8	16	16		128	32		8	4	1	1	128	
573_7026	4	32	8		32	32		4	4	8	4	128	8
573_7027	2	32	16		128	32		8	8	8	8	128	8
573_7028		32	16		128	32		8	16	8	8	128	8
573_7029		32	16		128	32		8	16	8	8	128	8
573_7030	2	16	16		32	32		2	1	0.5		8	
573_7033		32	16		128	32		8	1	8	4	128	8
573_7096	2	1	4		1						0.25	8	
573_9721		32	32		128	64		8	16	8	8	128	8
573_9724		32	16		128	32		8	16	8	8	128	8
574_20	8	32	16		128	32		8	64	8	8	128	8
574_26	64	32				32		8	4		4		8
72407_477	4	32	4		32			0.125			0.25		
72407_478	4	32	4		32			0.125			0.25	32	
72407_479	2	32	4		32			0.125			0.25	8	
72407_480	4	32	4		32			0.125			0.25		
72407_481	8	32			64			0.25			0.25	128	
72407_482	4	32	4		32			0.125			0.25		
72407_483	2	32			64			0.25			0.25	128	
72407_484	64	32			64			0.25			0.25	128	
72407_485	64	32	8		64			0.25			0.25	128	
72407_487	64	32			64			0.25			0.25	128	
72407_488	64	32			64			0.125			0.25	8	
72407_489	2	32			64			0.25			0.25	128	
72407_490	4	32	4		32			0.125			0.25	32	
72407_491	64	32	64		64			8				128	
72407_492	64	32	64		64			8				128	
72407_493	64	32			64			0.25			0.25	128	
72407_494	64	32			64			0.25			0.25	128	
72407_495	4	32	4		32			0.125			0.25		
72407_496	2	32	4		32			0.125			0.25	8	
72407_497	64	32			64			0.25			0.25	128	
72407_498	64	32	4		64			0.125			0.25	32	
72407_499	4	32	8		64			0.25			0.25	128	
72407_500	4	32	4		32			0.125			0.25	32	
72407_501	2	1	4		64			0.125			0.25	128	
72407_502	4	32	4		32			0.125			0.25		
72407_503	64	32	4		64			0.125			0.25	128	
72407_505	64	32			64			0.125			0.25	8	
72407_506	64	32			64			0.25			0.25	128	
72407_507	8	32	4		64			0.125			0.25	64	
72407_508	64	32			64			0.25			0.25	128	
72407_509	64	32	64		64			8				128	
72407_510	4	32	4		64			0.125			0.25	8	
72407_511	64	32	64		64			8				128	
72407_512	8	32	4		32			0.125			0.25		
72407_513	4	32	4		64			8				128	
72407_515	8	32	4		64			0.125			0.25	64	
72407_516	8	32	4		32			0.125			0.25		
72407_517	2	32	4		32			0.125			0.25	8	
72407_518	8	32	4		32			0.125			0.25		
72407_519	64	32	4		64			0.125			0.25		
72407_520	8	32	4		32			0.125			0.25		
72407_522	2	32	4		32			0.125			0.25	4	
72407_523	2	32	4		32			0.125			0.25	4	
72407_524	64	32	64		64			8				128	
72407_525	8	32	4		32			0.125			0.25		
72407_526	8	32	4		32			0.125			0.25		
72407_527	8	32	4		64			0.125			0.25	32	
72407_528	8	32	4		64			0.125			0.25	32	
72407_529	2	32	4		32			0.125			0.25	8	
72407_530	8	32	4		64			0.125			0.25	32	
72407_531	64	32	64		64			8				128	
72407_532	64	32			64			0.25			0.25	128	
72407_533	64	32	8		64			0.25			0.25	64	
72407_534	8	32	4		64			0.125			0.25	128	
72407_535	2	32	4		32			0.125			0.25	8	
72407_536	4	32	4		64			0.25			0.25	128	
72407_537	2	32	8		64			0.125			0.25	128	
72407_538	64	32	4		64			0.125			0.25	128	
72407_539	64	32	4		64			0.125			0.25	64	
72407_540	64	32	4		64			0.125			0.25	32	
72407_542	2	32	4		32			0.125			0.25	4	
72407_543	64	32	4		64			0.25			0.25	128	
72407_544	64	32	4		64			0.125			0.25	128	
72407_545	64	32	8		64			0.25			0.25	32	
72407_546	2	32	4		32			0.125			0.25	4	
72407_547	2	32	4		32			0.125			0.25	4	
72407_548	2	32	4		64			0.125			0.25	64	
72407_550	8	32	4		64			0.25			0.25	128	
72407_551	64	32	4		64			0.25			0.25	128	
72407_552	2	32	4		32			0.125			0.25	4	
72407_553	8	32	4		32			0.125			0.25	32	
72407_554	2	32	4		64			0.25			0.25	64	
72407_555	64	32			64			0.125			0.25	32	
72407_556	4	32	4		32			0.125			0.25	32	
72407_557	64	32			64			0.125			0.25		
72407_558	64	32			64			0.25			0.25	128	
72407_560	64	32	4		64			0.25			0.25	128	
72407_561	64	32	4		64			0.25			0.25	128	
72407_562	2	32	4		32			0.125			0.25	4	
72407_563	2	32	4		64			0.125			0.25		
72407_564	2	32	4		32			0.125			0.25	4	
72407_565	64	32	4		64			0.25			0.25	128	
72407_566	64	32	4		64			0.125			0.25	32	
72407_567	2	32	4		32			0.125			0.25	4	
72407_568	8	32	4		64			0.125			0.25	128	
72407_570	64	32			64			0.125			0.25		
72407_571	64	32			64			0.25			0.25	32	
72407_572	4	32	64		64			8				128	
72407_573	8	32	4		64			0.125			0.25	128	
72407_575	64	32			64			0.25			0.25	32	
72407_577	64	32			64			0.125			0.25	64	
72407_578	2	32	4		32			0.125				128	
72407_580	64	32	4		64			0.125			0.25	64	
72407_581	64	32	4		64			0.125			0.25	64	
72407_582	4	32	4		32			0.125			0.25		
72407_583	4	32	4		32			0.125			0.25		
72407_584	2	32	4		32			0.125			0.25	8	
72407_585	4	32	4		64			0.25			0.25	128	
72407_586	64	32	4		64			0.25			0.25	32	
72407_587	2	32			64			0.25			0.25	128	
72407_588	4	32	4		32			0.125			0.25		
72407_589	64	32			64			0.125			0.25	32	
72407_590	64	32	4		64			0.25			0.25	128	
72407_592	64	32			64			0.25			0.25	128	
72407_593	2	32	4		64			0.125			0.25	32	
72407_594	2	0.125	4		0.5			0.125			0.25	8	
72407_595	2	32	4		32			0.125			0.25	4	
72407_596	64	32			64			0.125			0.25		
72407_597	4	32	4		32			0.125			0.25		
72407_698	64	32			64			0.125			0.25		
1284787_3		16			16		0.25	4	8	8	8	64	4
1284788_3		16			16		0.5	4	8	8	8	64	4
1284789_4		16			16		4	4	8	8	8	64	0.5
1284790_3		16			16		0.25	4	8	8	8	64	4
1284791_4		16			16		0.25	4	8	8	8	64	4
1284792_4					16		0.25	4	4	8	8	64	4
1284793_4		16			16		0.25	4	8	8	8	64	4
1284794_4					16		0.25	4	4	8	8	64	4
1284795_4	8				16		0.25	4	4	8	8	64	4
1284796_3	4	16			16		0.25	4	8	8	8	64	4
1284797_4	4				16		0.25	4	4	1	4	64	0.5
1284798_4	4				16		0.25	4	4	8	4	64	4
1284799_4	8	16			16		4	4	8	8	8	64	4
1284800_4		16			16		0.5	4	8	8	8	64	0.5
1284801_3	8				16		0.25	4	4	8	8	64	4
1284802_4		16			16		0.25	4	8	8	8	64	4
1284803_4					16		0.25	4	4	8	4	64	4
1284804_4		16			16		0.25	4	8	8	8	64	4
1284805_4	8				16		0.25	2		8	1	64	4
1284806_4	8				16		0.25	4	4	8	4		4
1284807_4		16			16		0.25	4	8	8	8	64	4
1284808_4		16			16		0.25	4	8	8	8	64	
1284809_4	8	16			16		0.25	4	4	8	8	64	4
1284810_3		16			16		0.25	4	8	8	8	64	4
1284811_3		16			16		0.25	4	8	8	8	64	4
1284812_3					16		4	4	8		8	64	4
1284813_3		16			16		0.25	4	8	8	8	64	4
1284814_3		16			16		4		1	8	1	64	4
1284815_3		16			16		0.25	4	8	8	8	64	4
1284816_3		16			16		4	4	8	8	8	64	4
1284817_3	8	16			16		0.25	4	8		8	64	4
1284818_4	4	16			16		4		1	8	1	64	4
1284819_3	8	16			16		4	4	8	8	8	64	4
1284820_3	4				16		0.25	4	4	8	8	64	4
1284821_3		16			16		0.25	4	8	8	8	64	0.5
1284822_3					16		0.25	4	4	8	8	64	4
1284823_3		16			16		0.25	4	8	8	8	64	4
1284824_3	8	16			16		0.25	4	8	8	8	64	
1284825_3		16			16		0.5	4	8	8	8	64	4
1284826_3		16			16		0.25	4	8	8	8	64	4
1284827_3		16			16		0.25	4	8	8	8	64	4
1284828_3		16			16		4	4	8	8	8	64	4
1284829_3		16			16		0.25	4	8	8	8	64	4
1284830_3		16			16		0.25	4	8	8	8	64	4
1284831_3	8				16		0.25	4	4	8	4	64	4
1284832_3		16			16		0.25	4	8	8	8	64	4
1284833_4	4				16		0.25	4	4	1	4	64	0.5
1284834_3	4				16		0.25	2		1	1	64	0.5
1304916_4		16			16		0.25	4	8	8	8	64	4
1304917_4	4	16			16		0.25	4	8	8	8	64	0.5
1304918_4		16			16		0.25	4	8	8	8	64	4
1304919_4		16			16		4	4	8	8	8	64	0.5
1304920_3	32	16			16		0.25	4	8	8	8	64	0.5
1304921_4		16			16		0.25	4	8	8	8	64	4
1304922_3	4	16			16		0.25	4	8	8	8	64	0.5
1304923_3	4				16		0.25	4	4	8	8	64	4
1304924_3		16			16		0.25	4	8	8	8	64	0.5
1328399_3											32		
